1.008914327	0.000482349
1.009724557	0.000225277
1.010536577	0
1.011207297	0.000443159
1.011904847	0.000120945
1.012743695	4.03484E-05
1.013525309	4.03795E-05
1.014085137	0.000185848
1.014811304	0.000226412
1.015510642	0.00028321
1.016236809	0.00029151
1.016991594	0.000186381
1.017801824	0.000267629
1.018556609	0.000146088
1.019450903	0.000203078
1.02017707	0.00014632
1.020820962	8.13403E-05
1.021463066	0.000236035
1.022162404	0.000228052
1.023056698	0.000236404
1.023922375	0.000146857
1.024648542	0.000244936
1.025403327	0.000261457
1.026074048	0.000220749
1.026857449	0.000180007
1.027694509	0.000294797
1.028309784	0.000254005
1.028980504	0.000180379
1.029763906	0.000237953
1.030490073	0.00030381
1.031160794	0.000353306
1.031886961	0.000320666
1.032725809	0.000263325
1.033591486	0.000214131
1.034290825	0.000263724
1.035045609	0.000230927
1.035687712	0.000255827
1.036358433	0.000206446
1.037113218	0.000264443
1.037952066	0.000272928
1.038649615	0.000331044
1.039488464	0.000323028
1.040298694	0.000281834
1.040998033	0.000290318
1.041695582	0.000282212
1.042478984	0.000382104
1.043233769	0.000399006
1.043988553	0.000382657
1.04457521	0.000357902
1.045356823	0.000408147
1.046084779	0.000441773
1.046837775	0.000417067
1.047621177	0.000383989
1.048515471	0.00042609
1.049297085	0.000384603
1.05016455	0.000376553
1.050751207	0.000485606
1.051366482	0.000410494
1.052064031	0.000427532
1.052818816	0.000444617
1.053768557	0.000461811
1.054496512	0.000495739
1.055194062	0.000512883
1.0558934	0.000471156
1.056619567	0.00047148
1.057374352	0.000539219
1.058100519	0.000522727
1.058828474	0.000497776
1.059526024	0.000514989
1.060336255	0.000439343
1.061091039	0.00048193
1.061790377	0.00053301
1.062516544	0.000550307
1.063326775	0.000610036
1.064249687	0.000559685
1.064947237	0.000534595
1.065646575	0.000500981
1.066261849	0.000543751
1.066988016	0.000603635
1.067714184	0.000629569
1.068497585	0.000706656
1.069223752	0.000562301
1.070007154	0.00067355
1.070817385	0.00067406
1.07157217	0.000674535
1.072269719	0.000717694
1.072969057	0.000624117
1.073666607	0.000692964
1.074421392	0.000676329
1.075149347	0.000745323
1.07593096	0.000720145
1.076657128	0.000832157
1.077467358	0.000704003
1.07825076	0.000824797
1.079173672	0.000799706
1.079899839	0.000731406
1.08057056	0.000792131
1.081185834	0.000732277
1.081883384	0.000784473
1.082582722	0.000767728
1.083337507	0.000854585
1.084231801	0.00074298
1.084986586	0.000752142
1.085796816	0.000770007
1.086551601	0.00070128
1.087222322	0.000727703
1.087919871	0.000814856
1.088619209	0.000806706
1.089373994	0.000850667
1.090128778	0.000859942
1.090939009	0.000843196
1.091693794	0.000904671
1.092419961	0.000931386
1.093146128	0.000888453
1.093984976	0.000889135
1.094795207	0.000820006
1.095465927	0.000907796
1.096136648	0.000969491
1.096835986	0.000908932
1.097533536	0.000892019
1.098288321	0.000918887
1.099071722	0.001024633
1.099853336	0.000902668
1.10060812	0.000955907
1.101362905	0.000965338
1.102060454	0.000957168
1.102704346	0.001054379
1.103375067	0.001019853
1.10415668	0.001038171
1.104995529	0.001030155
1.105750313	0.001145399
1.106505097	0.001084463
1.107259882	0.000979329
1.107986049	0.001121229
1.10879628	0.000954183
1.109661957	0.001043347
1.110305849	0.000990871
1.111003398	0.001018051
1.111758183	0.001027601
1.112486138	0.001108054
1.113212305	0.001082167
1.113993919	0.001136185
1.114916831	0.001172662
1.115616169	0.001200065
1.116342336	0.001174161
1.117068503	0.001139321
1.117683777	0.001139948
1.118354498	0.00112281
1.119136112	0.001293026
1.11997496	0.001160133
1.120813808	0.001294964
1.121539975	0.001215374
1.122210696	0.001251869
1.122910034	0.001270544
1.123664818	0.001396747
1.124446432	0.00134396
1.125256662	0.001389759
1.125816491	0.001417363
1.126571275	0.00142729
1.127324271	0.001428243
1.128107673	0.001402269
1.128917904	0.001421267
1.129728135	0.001467296
1.130398855	0.001531218
1.131266321	0.001469294
1.131992488	0.001551416
1.132634591	0.001471071
1.133249866	0.00152605
1.133976033	0.001608348
1.134843498	0.001618621
1.135680558	0.001475027
1.136379896	0.001638922
1.137134681	0.001531281
1.137860848	0.001568525
1.13864425	0.001578678
1.13945448	0.001625198
1.140096584	0.001626114
1.140738687	0.001754283
1.141522089	0.00177368
1.142276874	0.001683834
1.143003041	0.001757766
1.143729208	0.001822676
1.144539438	0.001778368
1.14546235	0.001834565
1.146188517	0.001853994
1.146859238	0.001855079
1.14750313	0.00182869
1.148173851	0.001957842
1.148928635	0.001849272
1.149765695	0.001878103
1.150493651	0.001952631
1.151359327	0.001917403
1.152114112	0.002093084
1.152756215	0.002039138
1.153455554	0.001966849
1.154237167	0.002078547
1.155020569	0.002116771
1.155775353	0.002191829
1.156388839	0.002192992
1.157143624	0.002148322
1.157871579	0.00211277
1.158597746	0.002215645
1.15937936	0.002364949
1.160246825	0.002265024
1.161028439	0.002368313
1.161922733	0.00229607
1.162593454	0.002288132
1.163153282	0.002363379
1.163795385	0.002420323
1.164521552	0.002505345
1.165444464	0.002488758
1.166199249	0.002481077
1.166954033	0.002640757
1.167735647	0.002642525
1.168519048	0.002607054
1.169216598	0.002599294
1.169915936	0.002600849
1.17055804	0.002583622
1.171228761	0.002557105
1.172038991	0.002642925
1.172822393	0.002728798
1.173577178	0.002655744
1.174331962	0.002779096
1.175142193	0.002724832
1.176036487	0.002736276
1.176707208	0.002765965
1.177433375	0.002720762
1.17804865	0.002778505
1.178774817	0.002845966
1.179500984	0.00284772
1.180311214	0.002868485
1.181094616	0.002870389
1.181904847	0.002910029
1.182715078	0.002874327
1.183385799	0.002970251
1.184085137	0.002915397
1.184811304	0.002945507
1.185537471	0.002985098
1.186265427	0.002892408
1.186962976	0.003121098
1.187717761	0.003132546
1.188388481	0.003096439
1.189171883	0.003041627
1.189982114	0.003129037
1.190876409	0.003064965
1.191658022	0.003190415
1.19235736	0.003201788
1.192944017	0.003155836
1.193670184	0.003148246
1.194396351	0.003188229
1.195151136	0.003228337
1.196018601	0.00327833
1.196716151	0.003375598
1.197526382	0.003339715
1.198254337	0.003360841
1.198951887	0.003381904
1.199679843	0.003364839
1.200377392	0.003491137
1.201132177	0.003445479
1.201886961	0.003457221
1.202725809	0.003430883
1.203480594	0.003471394
1.204206761	0.003502275
1.204961545	0.003562078
1.205771776	0.003564473
1.206553389	0.003480258
1.20722411	0.003616863
1.207894831	0.003638121
1.208594169	0.003601707
1.209293507	0.003661606
1.210046503	0.003663886
1.210829905	0.003685554
1.21158469	0.003697505
1.21239492	0.003719299
1.213205151	0.003731452
1.213875872	0.00371417
1.214517975	0.003870974
1.215188696	0.00390216
1.215972098	0.003933742
1.216810946	0.003878282
1.217565731	0.003909793
1.218291898	0.004018907
1.219018065	0.004137862
1.219744232	0.004091732
1.220638526	0.003968291
1.221561438	0.003971291
1.222176713	0.003895384
1.222818816	0.004043584
1.223518154	0.003948405
1.224244321	0.004019033
1.224999106	0.004060555
1.225809336	0.004043706
1.226703631	0.004134627
1.227374352	0.004224906
1.22807369	0.004168601
1.228826686	0.004122199
1.229497407	0.004173433
1.230141299	0.004175619
1.230896083	0.004266453
1.231677696	0.004278976
1.232487927	0.004252329
1.233271329	0.004215724
1.233968879	0.004208276
1.234668217	0.004299203
1.235394384	0.004370638
1.236177786	0.00447191
1.237043463	0.004455328
1.23763012	0.00457578
1.238413522	0.004509601
1.239139689	0.004541867
1.239923091	0.004544738
1.24076015	0.004557693
1.241598998	0.004471735
1.242325165	0.004632734
1.243164014	0.004606146
1.243863352	0.004707849
1.244505455	0.004749945
1.245092112	0.004732342
1.245762833	0.004695186
1.246657128	0.004817759
1.247524593	0.004672004
1.248222143	0.004694509
1.248921481	0.004717042
1.249647648	0.004689913
1.25043105	0.004692853
1.251241281	0.004795594
1.251883384	0.00478808
1.252525487	0.004850417
1.253308889	0.005033209
1.254063674	0.004876359
1.254789841	0.004939173
1.255460562	0.004971824
1.256215346	0.005024861
1.25710964	0.005028439
1.257835808	0.005071434
1.258646038	0.005114817
1.25928993	0.00515757
1.259960651	0.005190436
1.260686818	0.005173336
1.261525666	0.005096363
1.262251833	0.005179759
1.26311751	0.005132987
1.263927741	0.005116138
1.264627079	0.005189506
1.265353246	0.005162238
1.266108031	0.005205671
1.266862815	0.00530972
1.2676176	0.005211878
1.268288321	0.005315694
1.269043105	0.005227851
1.269713826	0.005240731
1.270384547	0.005263745
1.271139331	0.005317515
1.272005008	0.005300865
1.27278841	0.005395406
1.273682704	0.005307857
1.27429619	0.005533796
1.274911465	0.005536468
1.275553568	0.00554942
1.276281524	0.005583096
1.277175818	0.005515771
1.277930603	0.005457935
1.27865677	0.005552733
1.279438383	0.005596906
1.280248614	0.005590249
1.281032016	0.005675329
1.281702737	0.005637449
1.282402075	0.005660962
1.283128242	0.005592599
1.28396709	0.00565764
1.284693257	0.005701786
1.285390807	0.005817546
1.286090145	0.005800215
1.286900376	0.005937174
1.287850116	0.005808153
1.288520837	0.005862513
1.289164729	0.005896259
1.289751386	0.00580645
1.290477553	0.00585085
1.291232338	0.005895427
1.292071186	0.00582719
1.292852799	0.005974937
1.293636201	0.00596825
1.294390986	0.005889221
1.295117153	0.006067959
1.295871937	0.006092147
1.296598104	0.006064566
1.297324271	0.006057626
1.298079056	0.006112866
1.298805223	0.006085239
1.299560007	0.006171616
1.300287963	0.00614399
1.301040959	0.006023146
1.301795743	0.006202979
1.302718655	0.006155475
1.303473439	0.006314835
1.304115543	0.006286772
1.3047022	0.00623762
1.305401538	0.006324176
1.306156323	0.006213349
1.306937936	0.006258723
1.307889465	0.006242437
1.308615632	0.006496156
1.309341799	0.006280667
1.310067966	0.006430294
1.310822751	0.006507112
1.311522089	0.006510584
1.312219639	0.006545414
1.313003041	0.006570246
1.313757825	0.006511214
1.314539438	0.006515088
1.315210159	0.006549851
1.315909497	0.006437995
1.316664282	0.006504636
1.317445895	0.006508498
1.318313361	0.006491774
1.31901091	0.00673694
1.319681631	0.006614181
1.320409587	0.006638872
1.32105169	0.006673679
1.321806475	0.006645896
1.322588088	0.006734134
1.323426936	0.006632953
1.324210338	0.006742394
1.324991951	0.006672469
1.325746736	0.006771344
1.32636201	0.006753349
1.327032731	0.006883652
1.327787516	0.006908727
1.328624575	0.006754283
1.32937936	0.006927602
1.330162762	0.006984679
1.330944375	0.006872127
1.331615096	0.006758875
1.332341263	0.006985502
1.333264175	0.007011588
1.333906278	0.007068109
1.334576999	0.007082297
1.335276337	0.006979612
1.336002504	0.007036635
1.33673046	0.007125679
1.337512073	0.007247077
1.33837775	0.007187782
1.339132534	0.007298539
1.33986049	0.007195745
1.340613486	0.007221153
1.341284207	0.007203391
1.341954928	0.007142836
1.342738329	0.007232598
1.343519943	0.007268925
1.344247898	0.007283574
1.345002683	0.007276947
1.34572885	0.007345213
1.346483634	0.007295688
1.347238419	0.007321248
1.34804865	0.007465289
1.34885888	0.007340802
1.349445537	0.007387005
1.350227151	0.007402042
1.350955106	0.00747062
1.351681273	0.007506947
1.352462887	0.007425075
1.353274906	0.007386401
1.353945627	0.007573465
1.354811304	0.007632284
1.355592917	0.00765829
1.356236809	0.007629507
1.35690753	0.007654905
1.35760508	0.007680475
1.358472545	0.007804452
1.359311393	0.007711791
1.360008943	0.007769932
1.36073511	0.007709025
1.361434448	0.007799772
1.362133786	0.007782071
1.362888571	0.007786383
1.363559292	0.00780108
1.364230013	0.007717955
1.365040243	0.007896567
1.365795028	0.007890051
1.366521195	0.008003132
1.367247362	0.007985596
1.36808621	0.007925089
1.368980504	0.008017535
1.369678054	0.008076189
1.370432838	0.008015121
1.371048113	0.008051494
1.371690216	0.008000615
1.372418172	0.008103282
1.373228403	0.008108066
1.373983187	0.008243899
1.374877482	0.008172578
1.375743159	0.008166762
1.376442497	0.008203817
1.377168664	0.008284959
1.377923448	0.008256561
1.378649615	0.008293868
1.379375783	0.008287246
1.379991057	0.008400902
1.380745842	0.008317481
1.381416562	0.008310514
1.382142729	0.008425013
1.382926131	0.008495905
1.383736362	0.00832447
1.384517975	0.008406396
1.385440887	0.008279527
1.386082991	0.008393809
1.386698265	0.008386486
1.387368986	0.008589528
1.38812377	0.008384046
1.389046682	0.008433893
1.389856913	0.008449887
1.390611697	0.008465556
1.391309247	0.008480889
1.392008585	0.008485152
1.39276337	0.008556339
1.393434091	0.008649284
1.39413164	0.008786917
1.394859596	0.008680361
1.395725273	0.008630142
1.396506886	0.008712868
1.397177607	0.008728185
1.397961009	0.008822192
1.398771239	0.008838451
1.399665534	0.008810644
1.400307637	0.008982053
1.400922912	0.008952511
1.401538186	0.008989946
1.402264353	0.009072818
1.403019138	0.009055343
1.403857986	0.009071943
1.404668217	0.009054794
1.405478448	0.009127211
1.406233232	0.009087292
1.406903953	0.009214941
1.40763012	0.009129967
1.408300841	0.009089432
1.409055625	0.009307626
1.409865856	0.009133235
1.410592023	0.009317775
1.411346807	0.009255286
1.412101592	0.009361502
1.412884994	0.009332922
1.413639778	0.009461812
1.414450009	0.009298177
1.415176176	0.009370609
1.415846897	0.009408895
1.416462171	0.009446843
1.417159721	0.009451496
1.417914505	0.009535616
1.418724736	0.009574979
1.419676265	0.009536152
1.420402432	0.009608938
1.421184046	0.009500983
1.421912001	0.00961915
1.422609551	0.009635204
1.423253443	0.009582862
1.423950993	0.009576212
1.424734395	0.009695005
1.425516008	0.009757118
1.426326239	0.009637647
1.427054194	0.009779017
1.427751744	0.009681408
1.428451082	0.009720297
1.429205867	0.00991903
1.430071544	0.009731323
1.430713647	0.009838294
1.431384368	0.009911339
1.432112323	0.009859323
1.432809873	0.00998971
1.433593275	0.010143672
1.434432123	0.010172467
1.435269183	0.00999542
1.436108031	0.010127136
1.436891433	0.010086863
1.437562153	0.010286301
1.438091576	0.010324466
1.438762297	0.010260496
1.439545698	0.010323435
1.440384547	0.010249111
1.441139331	0.010426729
1.441892327	0.010466645
1.442620283	0.010345484
1.44334645	0.010431197
1.444128063	0.010505888
1.445050975	0.010478059
1.445693078	0.010609429
1.446421034	0.010672397
1.447175818	0.010539591
1.447873368	0.010521598
1.448572706	0.010757528
1.449382937	0.010682703
1.450332678	0.010643477
1.451032016	0.010833602
1.451674119	0.010711157
1.452428904	0.010855604
1.453099624	0.010883774
1.453741728	0.010830665
1.454469683	0.010801321
1.455251297	0.01089989
1.456034699	0.01091736
1.456816312	0.010969653
1.457542479	0.011056418
1.458270435	0.011027081
1.459025219	0.011102543
1.45983545	0.011062179
1.460617063	0.011021549
1.46120372	0.011177335
1.461987122	0.011206626
1.462741907	0.011282344
1.46352352	0.011393327
1.464333751	0.011387966
1.465143981	0.011230825
1.465871937	0.011411609
1.466682168	0.011289362
1.467352889	0.011247757
1.467994992	0.011439833
1.468638884	0.011339531
1.469336434	0.011450287
1.470230728	0.011597836
1.471098194	0.011417129
1.471768914	0.011574788
1.472466464	0.011650671
1.473165802	0.01183228
1.473920587	0.011850087
1.474757646	0.011915572
1.475401538	0.011791456
1.476072259	0.012020286
1.476911107	0.011956507
1.477664103	0.011962603
1.478363441	0.011991825
1.479062779	0.011985712
1.47987301	0.012145571
1.480767305	0.012129313
1.481409408	0.012205397
1.482164192	0.012258856
1.482806296	0.012335058
1.48356108	0.012341337
1.484344482	0.012359681
1.485154713	0.012484767
1.48588088	0.01253823
1.486691111	0.012497682
1.487474513	0.012456858
1.48820068	0.012427365
1.488900018	0.012563706
1.489654802	0.012534466
1.490380969	0.012611829
1.491162583	0.012499626
1.491806475	0.012647666
1.492588088	0.01260672
1.493287426	0.012755411
1.494013593	0.012809232
1.494796995	0.013030342
1.495607226	0.012953984
1.496388839	0.012972678
1.497311751	0.013076125
1.497953854	0.013081732
1.498513683	0.013325428
1.499184404	0.01336723
1.499910571	0.013206384
1.500776248	0.013393382
1.501559649	0.013388408
1.502314434	0.013371197
1.503096047	0.013450015
1.503822214	0.013408582
1.50455017	0.013391096
1.505276337	0.013481519
1.506002504	0.013416022
1.506701842	0.013590331
1.50754069	0.013489786
1.508266857	0.013556375
1.508964407	0.013622762
1.509663745	0.013833572
1.510473976	0.013865068
1.51136827	0.013788977
1.512038991	0.013879434
1.512738329	0.013946121
1.513324987	0.014108289
1.514051154	0.014163315
1.514777321	0.014085619
1.515616169	0.013996806
1.5164264	0.01408887
1.517209801	0.014229131
1.517991415	0.014309035
1.518690753	0.014315627
1.51941692	0.014383006
1.520087641	0.014474141
1.520786979	0.014577743
1.521568592	0.014367002
1.522296548	0.014725642
1.523078161	0.014696794
1.523748882	0.014776115
1.524503667	0.014722697
1.525258451	0.014887981
1.526179574	0.014811846
1.527018422	0.014783485
1.527717761	0.014911986
1.528359864	0.014979144
1.529086031	0.015144653
1.529813987	0.014944637
1.530568771	0.015159339
1.531545341	0.015254436
1.532273296	0.015334942
1.533028081	0.015379142
1.53372563	0.015435024
1.534396351	0.015564036
1.53509569	0.015424348
1.535793239	0.015590443
1.536548024	0.015683809
1.537247362	0.015715445
1.538057593	0.015686962
1.538756931	0.01587801
1.53945448	0.015787075
1.540209265	0.015782543
1.541019496	0.016048705
1.541886961	0.015836592
1.542557682	0.016224511
1.543255232	0.016071989
1.543983187	0.016030359
1.544653908	0.016049631
1.545406904	0.016205223
1.546190306	0.016275039
1.546971919	0.016246287
1.547699875	0.016229267
1.548481488	0.01626214
1.549207655	0.016454931
1.549851547	0.016511167
1.550549097	0.016481534
1.551361116	0.01670031
1.55225541	0.01651204
1.553037024	0.016619352
1.553736362	0.016663977
1.554462529	0.016659379
1.555188696	0.016791081
1.555972098	0.016700354
1.556893221	0.01682189
1.557537113	0.016903311
1.558207834	0.016997502
1.558962618	0.016980892
1.559660168	0.017063055
1.560359506	0.017282069
1.561114291	0.017352625
1.561924522	0.017299403
1.562622071	0.017369385
1.563405473	0.017415465
1.564187086	0.017573735
1.564830978	0.017556032
1.565501699	0.017738195
1.566283312	0.01773457
1.567066714	0.017843333
1.567821499	0.017702016
1.56863173	0.017761161
1.569386514	0.018094839
1.570112681	0.018003125
1.570867466	0.018061847
1.571733143	0.018096848
1.572487927	0.018080479
1.573047755	0.018174655
1.573773922	0.018320986
1.574471472	0.018291469
1.575199428	0.018525851
1.575925595	0.018572063
1.576764443	0.018619641
1.577519227	0.018653693
1.578468968	0.018576882
1.579223752	0.018686432
1.57981041	0.018806667
1.580425684	0.018725841
1.581123234	0.018923084
1.582046146	0.019085401
1.582884994	0.019032458
1.583555715	0.019292882
1.584253264	0.019326627
1.584952602	0.019511966
1.585678769	0.019483001
1.586489	0.019505598
1.587215167	0.01936276
1.587885888	0.019586035
1.58866929	0.019532404
1.589424074	0.019605008
1.590150241	0.019727999
1.590876409	0.019787714
1.591686639	0.019937302
1.592525487	0.019846294
1.593251654	0.0202362
1.594035056	0.020258852
1.59467716	0.020343252
1.595321052	0.020351466
1.596075836	0.020539143
1.596912896	0.020562639
1.59766768	0.020661471
1.598535146	0.020749114
1.599288142	0.020784374
1.599903416	0.020856111
1.600602754	0.020992766
1.601412985	0.021207557
1.602194598	0.021090243
1.602949383	0.021227903
1.603593275	0.021389762
1.604374888	0.021297917
1.605101055	0.021384295
1.605771776	0.02139323
1.606471114	0.021607357
1.607225899	0.021591895
1.607980683	0.021768599
1.608930424	0.021717356
1.609629762	0.021675492
1.610243248	0.021837721
1.610913969	0.021769802
1.611668753	0.022190945
1.612620283	0.022165498
1.613373278	0.022240126
1.614101234	0.022263022
1.614798784	0.02228551
1.615582186	0.022334941
1.616392416	0.022513577
1.617063137	0.022510034
1.617789304	0.022610378
1.618488642	0.02269753
1.619327491	0.022670585
1.620080486	0.022719854
1.620779825	0.022884636
1.621479163	0.02288159
1.622260776	0.022970178
1.623210517	0.023112966
1.623909855	0.023278198
1.624580576	0.023184253
1.625140404	0.023321736
1.625837954	0.02344834
1.626592738	0.023549952
1.627402969	0.023743226
1.6282132	0.023508544
1.628996602	0.023818397
1.629806832	0.023726351
1.630506171	0.023710548
1.631232338	0.023760101
1.631929887	0.023939306
1.632629226	0.0241447
1.633412627	0.024026133
1.634138794	0.024088899
1.634920408	0.024191611
1.635648363	0.024241482
1.63637453	0.024382632
1.637129315	0.024433014
1.638079056	0.024603817
1.638889286	0.024642104
1.639560007	0.024782831
1.640119835	0.024804362
1.640790556	0.024971394
1.641516723	0.024930126
1.642298337	0.024981255
1.643192631	0.024916299
1.643891969	0.025005496
1.644673583	0.025148435
1.645456984	0.02522597
1.646183151	0.025342039
1.64688249	0.02543154
1.647524593	0.025533349
1.648307995	0.025506089
1.649062779	0.025728007
1.649899839	0.025701627
1.650627795	0.025831339
1.651298515	0.025802362
1.651996065	0.025997548
1.652779467	0.026062554
1.653645144	0.026036676
1.654315865	0.026179054
1.654957968	0.026241963
1.655685924	0.026385433
1.656412091	0.026225425
1.657193704	0.026383052
1.658032552	0.026541732
1.658815954	0.026501402
1.659597568	0.026738695
1.660380969	0.026791008
1.661078519	0.026894913
1.661722411	0.026958301
1.662364514	0.027207145
1.663147916	0.027113949
1.663958147	0.027060865
1.664684314	0.027444078
1.665410481	0.027509131
1.666165266	0.027641084
1.666948668	0.027547821
1.667814344	0.027535548
1.668680021	0.027775877
1.669266679	0.027865448
1.669881953	0.028048694
1.67060812	0.027994334
1.671336076	0.02796658
1.672062243	0.02805867
1.672872474	0.028232222
1.673738151	0.028286842
1.674466106	0.028352514
1.67524772	0.028325702
1.676002504	0.028285046
1.676701842	0.028497251
1.677399392	0.028616033
1.678209623	0.02884381
1.678964407	0.028615975
1.679692363	0.028775606
1.680445359	0.028935796
1.681173314	0.02901531
1.681899481	0.029161859
1.682625648	0.029214672
1.683464497	0.029349963
1.684274727	0.029498294
1.684834556	0.029722898
1.685560723	0.029534247
1.686258272	0.029868941
1.686986228	0.030002815
1.687796459	0.02996343
1.688606689	0.029897084
1.689361474	0.030112363
1.690200322	0.030127316
1.690926489	0.030369309
1.691541764	0.030393838
1.69215525	0.030350928
1.69282597	0.030497845
1.693664818	0.030661406
1.69458773	0.030718622
1.69528528	0.030677234
1.696040064	0.03065035
1.696739403	0.030635948
1.697521016	0.030852952
1.69841531	0.031072204
1.699114649	0.03105792
1.699813987	0.031165514
1.700566983	0.031138669
1.701266321	0.031354813
1.701965659	0.031503317
1.702663209	0.031719734
1.703473439	0.031544799
1.704424969	0.031766135
1.705179753	0.031970422
1.70590592	0.031916073
1.706437131	0.032157162
1.707107852	0.032156199
1.707834019	0.032115444
1.70864425	0.032294057
1.709427652	0.032526799
1.710293329	0.032556899
1.711048113	0.032721239
1.711745663	0.032843694
1.712473618	0.03280308
1.713255232	0.032899961
1.714010016	0.033023715
1.714736183	0.033119685
1.71532284	0.033213024
1.716050796	0.033254466
1.716776963	0.033049666
1.71750313	0.033392093
1.718286532	0.033530548
1.719123591	0.033587976
1.719935611	0.033644956
1.720829905	0.033731009
1.721472009	0.033784745
1.722087283	0.033961482
1.722784833	0.033961511
1.723539617	0.034058791
1.724517975	0.033926971
1.725217314	0.034215664
1.725888034	0.034283975
1.726558755	0.03450366
1.72731354	0.034367346
1.728095153	0.034616982
1.72882132	0.034672855
1.729492041	0.03474143
1.730191379	0.034796837
1.731030227	0.035103362
1.73181184	0.035050216
1.732511179	0.035202418
1.733237346	0.035092877
1.734020748	0.035246908
1.734941871	0.035459171
1.735612592	0.035652663
1.736283312	0.035680276
1.73686997	0.035664653
1.73754069	0.035941479
1.738324092	0.035888428
1.73916294	0.036072041
1.739973171	0.036047253
1.740838848	0.036231642
1.741704525	0.036208025
1.742432481	0.036459185
1.74313003	0.036557117
1.743829369	0.036557889
1.744555536	0.036878931
1.745281703	0.036908188
1.746009658	0.036854021
1.746707208	0.03703576
1.747406546	0.037189824
1.748161331	0.03712231
1.748916115	0.03741705
1.749837238	0.037241556
1.750647469	0.037454091
1.75131819	0.037566124
1.751933464	0.037593281
1.752632803	0.037706044
1.75335897	0.037945203
1.754113754	0.037947561
1.754979431	0.037854417
1.755707387	0.038233851
1.756489	0.03829286
1.757188338	0.038420118
1.757943123	0.038408606
1.758613844	0.038675492
1.759284564	0.038760333
1.76003756	0.03883302
1.760792345	0.038849673
1.761602576	0.03878333
1.762330531	0.039136376
1.763085316	0.039279574
1.763838312	0.039282295
1.764650331	0.039511294
1.76548739	0.039445631
1.766131282	0.039741472
1.766802003	0.039897346
1.767499553	0.039814512
1.768198891	0.039999336
1.768953676	0.04001641
1.769763906	0.040189858
1.770518691	0.040291644
1.771273475	0.040393503
1.772110535	0.040398472
1.77283849	0.040669339
1.773509211	0.040783646
1.774151315	0.040897369
1.774906099	0.04092891
1.77571633	0.040961743
1.776471114	0.041233947
1.777225899	0.041138177
1.777980683	0.041382323
1.778678233	0.041540286
1.779461635	0.04158694
1.780355929	0.041678771
1.78102665	0.041836387
1.7817242	0.041724999
1.782423538	0.0418692
1.783122876	0.042070333
1.783849043	0.042229606
1.784687891	0.042519656
1.785553568	0.042440688
1.786279735	0.042529114
1.787063137	0.042633203
1.78784475	0.042808554
1.788544089	0.042896555
1.789243427	0.042970356
1.789969594	0.043016321
1.790751207	0.042992298
1.791534609	0.043253784
1.792289394	0.04318632
1.792960114	0.0432882
1.793657664	0.043576591
1.79438562	0.043594277
1.79519585	0.043671179
1.79603291	0.044006384
1.796592738	0.043934208
1.797292077	0.044051557
1.797989626	0.044111634
1.798773028	0.044317181
1.799554641	0.044551524
1.800364872	0.044499855
1.801119657	0.044518511
1.802013951	0.044511898
1.802740118	0.044888947
1.803439456	0.044891991
1.804026113	0.045064716
1.804725452	0.045139707
1.805591129	0.045247682
1.806458594	0.045240632
1.807156144	0.045445297
1.807826865	0.045635024
1.808497585	0.0458537
1.809280987	0.045830313
1.810118047	0.045678437
1.810872831	0.045755201
1.811516723	0.046175633
1.812298337	0.045964507
1.813024504	0.046127388
1.813695224	0.046274519
1.814394563	0.046494764
1.815177965	0.046572694
1.816015024	0.046912516
1.81674298	0.046873416
1.817469147	0.047008007
1.818195314	0.047070252
1.818866035	0.047232545
1.819620819	0.047484129
1.820459667	0.047375468
1.821214452	0.047395111
1.822080129	0.047751566
1.82289036	0.047874475
1.823532463	0.047891339
1.824260419	0.047954065
1.825042032	0.048250912
1.825796816	0.048052644
1.826496155	0.048347572
1.827082812	0.04855236
1.827837596	0.048470466
1.828592381	0.048563334
1.829345376	0.048787402
1.830128778	0.048881208
1.831023073	0.048934274
1.831833304	0.049028909
1.832672152	0.049358023
1.833287426	0.049476849
1.833874083	0.049565744
1.834544804	0.049466929
1.835270971	0.049603499
1.836136648	0.049773202
1.836891433	0.049969302
1.837590771	0.049944399
1.838316938	0.050154559
1.839071722	0.050175152
1.839826507	0.050503604
1.840581291	0.050773645
1.841278841	0.050543471
1.842006797	0.050754259
1.842817027	0.050673797
1.843543194	0.050620318
1.844242533	0.050904033
1.844995529	0.051204139
1.845807548	0.051226675
1.846728671	0.051178664
1.847428009	0.051463015
1.848125559	0.051644433
1.848740833	0.051838398
1.849440172	0.052049583
1.850194956	0.05204134
1.851032016	0.052064885
1.8517868	0.052174646
1.852597031	0.052625565
1.853351815	0.052528864
1.854079771	0.052579043
1.854805938	0.052717871
1.855532105	0.052960287
1.856315507	0.053071395
1.857068503	0.052959746
1.857796459	0.053069325
1.858522626	0.053327012
1.859193346	0.053449957
1.859948131	0.053456836
1.860702915	0.053775056
1.861652656	0.053832171
1.862434269	0.054003174
1.863133608	0.054186754
1.863720265	0.054411722
1.864390986	0.054416448
1.865090324	0.054600333
1.865845108	0.054607562
1.866710785	0.054856011
1.867410123	0.054965841
1.868220354	0.054974803
1.869001967	0.055176512
1.869729923	0.055272494
1.870427473	0.055278211
1.871098194	0.055417307
1.871852978	0.055439662
1.872579145	0.055670062
1.873389376	0.055768787
1.87414416	0.055910723
1.874927562	0.056008792
1.875653729	0.05637423
1.876408514	0.056352061
1.877218744	0.05633152
1.877889465	0.056635949
1.878588803	0.056851636
1.879286353	0.056708027
1.879985691	0.05684897
1.880740476	0.057066611
1.881522089	0.057270234
1.882360937	0.057280768
1.883199785	0.057531378
1.884010016	0.057571143
1.884680737	0.057846934
1.88532284	0.057926732
1.885966732	0.058051709
1.886776963	0.058196921
1.88764264	0.058088254
1.888426042	0.058353117
1.889123591	0.058495094
1.889794312	0.058681501
1.890465033	0.058702329
1.891248435	0.05896777
1.892142729	0.058875039
1.89281345	0.05904673
1.893511	0.059264631
1.894238955	0.059408164
1.89499374	0.059446935
1.895719907	0.059756717
1.896558755	0.059692487
1.897424432	0.059840684
1.898095153	0.060088702
1.898849937	0.060248769
1.899547487	0.060361716
1.900191379	0.060397318
1.900888929	0.060449783
1.901672331	0.060641376
1.902482561	0.060849124
1.903265963	0.061010669
1.904018959	0.061156179
1.904718297	0.061193818
1.905444464	0.061323428
1.90617242	0.061589874
1.906982651	0.061813589
1.90781971	0.061931932
1.908350921	0.062055618
1.909078877	0.062048866
1.909776426	0.062284581
1.910475765	0.062474841
1.911285995	0.062623171
1.912151672	0.062682008
1.912879628	0.062736355
1.913773922	0.063024921
1.914526918	0.063187016
1.915226256	0.063133793
1.91586836	0.063307618
1.916567698	0.063345998
1.917433375	0.063649621
1.918245394	0.063676576
1.918942944	0.063791474
1.919642282	0.063875906
1.920339832	0.064098036
1.921123234	0.063971108
1.921904847	0.064150274
1.922632803	0.064496288
1.923330352	0.064596314
1.924140583	0.064592863
1.924839921	0.064708364
1.925510642	0.064961052
1.92620998	0.065153477
1.926991594	0.065364169
1.927859059	0.065378232
1.928585226	0.065479694
1.929311393	0.065627333
1.929982114	0.065865445
1.930681452	0.065935464
1.931379002	0.066220907
1.932162404	0.066186185
1.932888571	0.06651909
1.933754248	0.066502656
1.934593096	0.066886051
1.935319263	0.067142471
1.936018601	0.067012469
1.936802003	0.067147614
1.937583617	0.067359979
1.938367018	0.067325433
1.939009122	0.067780343
1.939763906	0.067945834
1.940518691	0.06795681
1.941273475	0.068076052
1.942026471	0.068319099
1.94283849	0.068332184
1.943564657	0.068497103
1.944430334	0.068868469
1.945101055	0.068768234
1.945687712	0.068913003
1.946302987	0.069027845
1.947057771	0.069271816
1.947923448	0.069287094
1.948678233	0.069344996
1.949377571	0.069432014
1.950048292	0.069595747
1.950829905	0.069981165
1.951613307	0.069931514
1.95239492	0.070208432
1.953122876	0.070125671
1.953820426	0.070353104
1.954603828	0.070552632
1.955329995	0.070578844
1.956056162	0.070714158
1.956810946	0.07092855
1.957621177	0.07105151
1.958460025	0.071050745
1.959130746	0.071465343
1.959912359	0.071587556
1.960527634	0.071578786
1.961226972	0.071823101
1.961981756	0.072147775
1.962791987	0.072318328
1.9635736	0.072268896
1.964383831	0.072611766
1.96519585	0.072547828
1.9658934	0.07268323
1.966592738	0.072709086
1.967347523	0.073097542
1.96807369	0.073406796
1.968799857	0.073229942
1.969499195	0.073491352
1.97025398	0.07366081
1.970980147	0.073892124
1.97176176	0.073842871
1.972545162	0.074249429
1.973439456	0.074157295
1.974165623	0.074231774
1.97489179	0.07454233
1.975480236	0.07472195
1.976150957	0.074763066
1.976848507	0.074946974
1.977603291	0.074865285
1.978442139	0.075228095
1.979196924	0.075524893
1.980007154	0.075461149
1.980788768	0.075522504
1.981516723	0.075944984
1.982269719	0.075973843
1.98294044	0.076046951
1.983668396	0.076185511
1.98442318	0.076483306
1.985288857	0.076500852
1.986015024	0.076797856
1.986714362	0.076904051
1.987469147	0.076949104
1.988306206	0.077425119
1.989089608	0.077297132
1.989760329	0.077481743
1.990375604	0.077696017
1.991046324	0.077738064
1.991688428	0.078144014
1.992414595	0.078267761
1.993197997	0.078505002
1.994008228	0.078505137
1.994763012	0.078932216
1.99560186	0.078933607
1.996328027	0.079041864
1.997025577	0.079228608
1.997724915	0.079399617
1.998535146	0.079336272
1.99942944	0.079467363
2.000212842	0.079928824
2.000939009	0.079957842
2.001665176	0.080082557
2.002364514	0.080254132
2.003146128	0.080397188
2.004040422	0.080592765
2.004684314	0.080794369
2.005381864	0.080838461
2.006109819	0.080835836
2.006807369	0.08107182
2.00747809	0.081306862
2.008261492	0.081546618
2.009098551	0.08167666
2.009826507	0.081898428
2.010636738	0.082043592
2.011391522	0.082218634
2.012005008	0.082291806
2.0126489	0.08238229
2.013375067	0.082508271
2.014185298	0.082701967
2.014995529	0.083040294
2.015805759	0.08304156
2.016533715	0.08337684
2.017231265	0.083421755
2.018014666	0.083775748
2.018853515	0.083971437
2.01960651	0.083841832
2.020166339	0.08392946
2.020892506	0.084088452
2.021563227	0.084438521
2.022262565	0.084580528
2.023017349	0.084644335
2.023883026	0.084825695
2.024637811	0.084905727
2.025587551	0.085074677
2.026313718	0.085218198
2.02695761	0.085212975
2.027572885	0.085755832
2.028270435	0.085510589
2.029109283	0.085998664
2.029948131	0.085985691
2.030618852	0.086224445
2.031373636	0.086224122
2.032126632	0.086612314
2.032994098	0.086665485
2.033859775	0.086929274
2.034475049	0.087312212
2.035090324	0.087273754
2.035927383	0.087358318
2.036655339	0.087405782
2.037352889	0.087598057
2.038080844	0.088002869
2.038891075	0.088054101
2.039756752	0.088058981
2.040427473	0.088364329
2.04115364	0.088721061
2.041768914	0.088812881
2.042411018	0.089003553
2.043138973	0.089035275
2.043920587	0.088939046
2.044675371	0.089314027
2.045514219	0.089839636
2.046379896	0.089893963
2.047106063	0.090349964
2.047860848	0.089779525
2.048615632	0.089682026
2.049370417	0.090466232
2.050096584	0.090253256
2.050711858	0.090917616
2.051438025	0.090688272
2.05219281	0.091457485
2.052947594	0.091262109
2.053757825	0.091854523
2.054568056	0.091858019
2.055351458	0.09204044
2.056245752	0.09212964
2.056887855	0.092092851
2.057474513	0.092299454
2.058145233	0.092395141
2.058928635	0.092873267
2.059849759	0.092685033
2.060520479	0.093043582
2.061164371	0.093121928
2.061861921	0.093301306
2.062645323	0.093583287
2.063400107	0.093814829
2.064154892	0.093783356
2.064852441	0.093815049
2.065607226	0.094129145
2.066417457	0.094330722
2.067172241	0.09439812
2.067898408	0.094480713
2.068653193	0.094680031
2.069407977	0.094895959
2.070275443	0.094952235
2.070972992	0.09509974
2.071672331	0.09528042
2.072287605	0.095440816
2.072985155	0.095605084
2.073711322	0.09575424
2.074523341	0.096039686
2.075333572	0.09629217
2.076143803	0.096445565
2.076925416	0.096581169
2.0776802	0.096665934
2.078406367	0.096732841
2.079077088	0.09684689
2.079805044	0.09719567
2.080559828	0.097098318
2.081257378	0.097379628
2.08204078	0.097665132
2.082766947	0.09791494
2.08354856	0.097984889
2.084276516	0.09811877
2.085142193	0.098458587
2.085925595	0.098412474
2.086651762	0.098679508
2.087267036	0.099041237
2.087964586	0.098924601
2.088690753	0.099291865
2.089445537	0.099477586
2.090313003	0.099485574
2.091010553	0.099901986
2.091849401	0.099992068
2.092632803	0.100079539
2.09335897	0.10041451
2.094056519	0.100598141
2.09472724	0.100663745
2.095482025	0.100733411
2.096236809	0.101036944
2.096991594	0.101090033
2.097717761	0.101158469
2.098445716	0.10134406
2.099143266	0.101628641
2.099953497	0.101818462
2.100792345	0.101926092
2.101491683	0.102110727
2.102105169	0.102157286
2.10277589	0.102541741
2.103475228	0.102659648
2.104230013	0.102880919
2.105124307	0.10312593
2.105989984	0.103252242
2.106828832	0.103511606
2.107583617	0.103733418
2.10822572	0.103849015
2.108869612	0.103947948
2.109511715	0.104181304
2.1102665	0.104470803
2.111105348	0.104663725
2.111860132	0.104802111
2.112613128	0.105007814
2.113367913	0.105230566
2.114095868	0.105384731
2.114961545	0.105512145
2.115827222	0.105707065
2.116497943	0.10590922
2.117141835	0.105992049
2.117839385	0.105993221
2.118538723	0.106197029
2.119209444	0.106433284
2.119991057	0.106742817
2.120858523	0.106938587
2.121613307	0.107145698
2.12239492	0.10728664
2.123149705	0.107510887
2.123875872	0.107699969
2.124519764	0.107901904
2.125217314	0.108005068
2.125972098	0.108060367
2.126726882	0.108369868
2.127537113	0.108428107
2.128320515	0.108858083
2.129046682	0.109098799
2.129801467	0.109222329
2.13058308	0.109449156
2.131450546	0.109527686
2.132037203	0.109914587
2.132707923	0.109898184
2.133405473	0.110308112
2.134133429	0.110498797
2.134970488	0.11076329
2.135809336	0.110755754
2.136508675	0.110962259
2.137347523	0.110988795
2.138045072	0.111144271
2.138771239	0.111233146
2.139359685	0.111383077
2.140001789	0.111501766
2.140840637	0.111852526
2.141706314	0.111795363
2.142405652	0.1122245
2.143160436	0.112298191
2.143886603	0.112507069
2.144641388	0.11280301
2.145451619	0.113136246
2.146177786	0.11303773
2.146848507	0.113278333
2.147631908	0.113285444
2.148384904	0.113513469
2.149084243	0.113875779
2.149783581	0.113964224
2.150649258	0.114181482
2.151627616	0.114404869
2.152326954	0.114956554
2.153024504	0.114770788
2.153668396	0.114890916
2.154310499	0.115234154
2.155009837	0.115202876
2.155820068	0.115538213
2.156546235	0.115817702
2.157385083	0.116017466
2.158195314	0.116198611
2.158921481	0.116340924
2.159620819	0.116636732
2.160402432	0.116799446
2.161157217	0.116823032
2.161856555	0.117239806
2.162498659	0.117395246
2.163337507	0.117406309
2.164147737	0.117467525
2.164847076	0.117936729
2.165573243	0.118235122
2.166354856	0.118295058
2.167082812	0.118317541
2.167893042	0.11849997
2.168563763	0.118640309
2.16915042	0.118914382
2.169792524	0.119122474
2.170518691	0.119231521
2.171412985	0.119401761
2.172225004	0.119532955
2.172951172	0.119815316
2.173677339	0.119941957
2.17446074	0.120106469
2.175242354	0.120288302
2.175968521	0.120588534
2.176696476	0.120542155
2.177422644	0.120877319
2.178232874	0.121113219
2.178959041	0.121327217
2.17965838	0.12134879
2.180384547	0.121771437
2.181194777	0.121886207
2.182089072	0.12224915
2.182759793	0.122304118
2.183459131	0.122395498
2.18401717	0.122687817
2.184716509	0.122866367
2.185526739	0.12285969
2.186421034	0.123153867
2.187259882	0.123462542
2.188070113	0.123560581
2.188769451	0.123809357
2.189495618	0.124164465
2.190193168	0.124326184
2.190947952	0.124456318
2.191702737	0.124569049
2.192486138	0.124823215
2.193267752	0.124955095
2.19396709	0.125029901
2.194637811	0.125505303
2.19533536	0.125615165
2.196034699	0.125672679
2.196873547	0.125773199
2.19765516	0.126133148
2.198383116	0.12640265
2.198996602	0.126227662
2.199667322	0.126581653
2.200366661	0.12683229
2.201148274	0.127017656
2.202042568	0.12720963
2.202854588	0.127502277
2.203691647	0.127743878
2.204446432	0.127963285
2.20514577	0.128091734
2.205816491	0.128236152
2.20651404	0.128347032
2.207268825	0.128830631
2.208052227	0.128964325
2.208862458	0.129029248
2.209561796	0.129228554
2.210259345	0.129410244
2.21101413	0.129718701
2.211824361	0.129748613
2.212634591	0.130078231
2.213305312	0.130258749
2.213976033	0.130668689
2.214646754	0.130743568
2.215346092	0.13115555
2.216100876	0.131129602
2.216939725	0.131055584
2.217721338	0.131419869
2.218476122	0.131747431
2.219257736	0.131599331
2.219957074	0.131906135
2.220656412	0.132089244
2.221327133	0.13214684
2.2220533	0.132243156
2.222834913	0.132573062
2.223562869	0.132811373
2.224289036	0.133120597
2.225070649	0.13346878
2.225825434	0.133567262
2.226580218	0.13398513
2.227474513	0.134021196
2.228173851	0.134205308
2.228900018	0.134213525
2.229626185	0.134630336
2.230325523	0.134903594
2.23105169	0.135054181
2.231861921	0.13520993
2.232756215	0.135388644
2.233484171	0.135539565
2.234210338	0.135815065
2.234936505	0.135894824
2.235578608	0.136058561
2.2362225	0.136596667
2.236948668	0.136462781
2.237758898	0.136690516
2.238513683	0.136772294
2.239323913	0.136964545
2.240107315	0.13733375
2.2408621	0.137576434
2.241559649	0.137601399
2.24236988	0.138240763
2.243180111	0.138487327
2.243795385	0.138793495
2.244578787	0.138770413
2.245249508	0.138776099
2.245975675	0.139125218
2.246785906	0.13946185
2.247624754	0.139639285
2.248350921	0.139971042
2.249134323	0.139948127
2.24986049	0.140226365
2.250502593	0.140248452
2.251089251	0.140876932
2.251788589	0.14093864
2.252654266	0.140956924
2.253577178	0.140888976
2.254276516	0.141471568
2.254974065	0.141712992
2.255617957	0.141807376
2.256399571	0.141820556
2.257238419	0.142089112
2.257935969	0.142510843
2.258606689	0.142679154
2.259474155	0.142877983
2.260255768	0.142945419
2.26089966	0.143274382
2.26159721	0.143444731
2.262407441	0.143784556
2.263274906	0.144038061
2.263972456	0.144335009
2.264755858	0.144547366
2.265371132	0.144550534
2.266013236	0.144681785
2.266739403	0.144962952
2.267578251	0.145179213
2.268361653	0.145337817
2.26922733	0.145646423
2.27003756	0.145698427
2.270679664	0.146029128
2.271323556	0.146088635
2.27207834	0.146408745
2.272833125	0.146566044
2.273586121	0.146741415
2.274230013	0.146764852
2.275068861	0.147181546
2.275821857	0.147248394
2.276576641	0.147623751
2.277386872	0.147821462
2.27822572	0.148257127
2.278896441	0.148391567
2.279763906	0.148520715
2.280377392	0.148833237
2.280992667	0.149036971
2.28163477	0.149278909
2.282389555	0.149401037
2.283283849	0.149568737
2.284038634	0.149654579
2.284737972	0.149955272
2.285435521	0.150201372
2.286190306	0.150342061
2.286973708	0.150575807
2.287671257	0.150840475
2.288399213	0.151089051
2.289180826	0.151341301
2.290075121	0.151455167
2.290829905	0.151705875
2.291472009	0.151839691
2.292199964	0.152034044
2.293010195	0.152179139
2.293931318	0.152532724
2.294546593	0.152939301
2.295190485	0.152762758
2.295777142	0.15289327
2.296474691	0.153122711
2.297229476	0.153594044
2.298096942	0.153798536
2.298962618	0.15385647
2.299828295	0.15417096
2.300667144	0.154337185
2.301366482	0.154475787
2.302037203	0.154832638
2.302707923	0.155134625
2.303434091	0.155312026
2.304215704	0.155401448
2.304970488	0.15570948
2.305725273	0.156054426
2.306424611	0.156267159
2.307150778	0.156500196
2.307905563	0.156643343
2.308828474	0.156834763
2.30958147	0.157088346
2.310225362	0.157297815
2.310812019	0.15741141
2.311538186	0.157645062
2.312237525	0.157987544
2.313019138	0.158262114
2.313857986	0.158227325
2.314612771	0.158703131
2.315423001	0.158629538
2.316177786	0.158644337
2.316848507	0.158985652
2.317519227	0.159160942
2.318189948	0.159188534
2.319028796	0.159264615
2.319783581	0.159926435
2.320536577	0.160089288
2.321235915	0.160636924
2.321990699	0.16091118
2.322716866	0.160868964
2.323471651	0.161217459
2.324365945	0.161057261
2.325065283	0.161328036
2.325762833	0.161672948
2.326406725	0.161866004
2.327104275	0.162081422
2.327859059	0.162430771
2.328697907	0.162637746
2.329508138	0.16306557
2.33029154	0.163398929
2.3311286	0.163346175
2.331856555	0.163638731
2.332443212	0.163884337
2.333085316	0.163985224
2.333868718	0.164300638
2.334678948	0.164432089
2.335376498	0.164537044
2.336104454	0.164755861
2.336857449	0.165013791
2.337585405	0.16523283
2.338451082	0.165573516
2.339484886	0.16572128
2.340128778	0.166009295
2.340826328	0.166394515
2.341581113	0.166672064
2.342251833	0.166607826
2.342978	0.166920847
2.343761402	0.16725679
2.344571633	0.167221201
2.345186908	0.167564072
2.345857628	0.167668071
2.346612413	0.167834207
2.347283134	0.168069213
2.347953854	0.168341743
2.34870685	0.168526735
2.34951887	0.168903261
2.3503291	0.169167512
2.351139331	0.169244563
2.351894116	0.169561259
2.352620283	0.169819818
2.35334645	0.169909738
2.354240744	0.170274448
2.354995529	0.170235215
2.355555357	0.170538454
2.356308353	0.170686846
2.357036308	0.170758359
2.357791093	0.170813041
2.358628152	0.171193178
2.359411554	0.171362839
2.360137721	0.171547221
2.360947952	0.171700175
2.361674119	0.171941167
2.362289394	0.172061254
2.362904668	0.172294348
2.363604006	0.172458342
2.364469683	0.172672228
2.365279914	0.172674857
2.365979252	0.173121813
2.366734037	0.173101607
2.367431586	0.17345445
2.368214988	0.173455236
2.369080665	0.173896184
2.369780004	0.174192992
2.370477553	0.174395373
2.371316401	0.174513771
2.372042568	0.174718418
2.37268646	0.174822563
2.373412627	0.175292125
2.374194241	0.175671456
2.37514577	0.175722936
2.37584332	0.175963854
2.376542658	0.176186079
2.377129315	0.176115923
2.377800036	0.176260348
2.37855482	0.176676399
2.379393668	0.176833504
2.380091218	0.177093959
2.380985512	0.177179472
2.381824361	0.177526574
2.382466464	0.177878173
2.383137185	0.178042185
2.38386514	0.17828652
2.384591307	0.178473834
2.385401538	0.178724547
2.385988195	0.178939609
2.386771597	0.179169524
2.387497764	0.179281107
2.388252549	0.179280695
2.388978716	0.179468457
2.389817564	0.179702855
2.390572348	0.179759612
2.391493472	0.1800766
2.392164192	0.180355837
2.392808084	0.18051878
2.393505634	0.180590477
2.394260419	0.181067137
2.395210159	0.181291644
2.395964944	0.181539686
2.396635664	0.181819667
2.397361832	0.181912962
2.398116616	0.182065778
2.398900018	0.182373746
2.399542121	0.182651999
2.400241459	0.182953863
2.400939009	0.18296877
2.401751028	0.183336851
2.402477195	0.183622002
2.403203363	0.183830695
2.40392953	0.184269339
2.404768378	0.184410286
2.405662672	0.184574708
2.406333393	0.184875431
2.407004114	0.185272189
2.407619388	0.185300364
2.408345555	0.185586533
2.409128957	0.185762079
2.409966017	0.186133869
2.410749419	0.186597768
2.411559649	0.186737344
2.412314434	0.18714178
2.412985155	0.18727072
2.413711322	0.187615569
2.414382043	0.187860085
2.415165444	0.188151973
2.416002504	0.188217183
2.416812735	0.188665453
2.417512073	0.189086044
2.418155965	0.189232747
2.418882132	0.189463039
2.419608299	0.189674155
2.420473976	0.190224182
2.421312824	0.190290107
2.421983545	0.190555104
2.42259882	0.190873762
2.423324987	0.191143379
2.424079771	0.191241544
2.424861384	0.191863534
2.42572885	0.192183442
2.426455017	0.192395648
2.427265248	0.192769344
2.427964586	0.192844231
2.428662136	0.193131857
2.429306028	0.193376631
2.429976748	0.193643008
2.430786979	0.193804418
2.431541764	0.194213344
2.432296548	0.194409296
2.433022715	0.194893843
2.433804328	0.195169775
2.434559113	0.195540684
2.435342515	0.195720037
2.436181363	0.195942746
2.436823466	0.196052642
2.437549633	0.196441251
2.4382758	0.196830057
2.438975139	0.197100286
2.439758541	0.197085833
2.440568771	0.19759856
2.441350385	0.197895279
2.442160615	0.198272307
2.442888571	0.198584456
2.443586121	0.198602219
2.444172778	0.198864129
2.444872116	0.199213245
2.445653729	0.199374369
2.446492577	0.199637693
2.447220533	0.200067591
2.4479467	0.200497563
2.448701485	0.200715475
2.449399034	0.201084926
2.450209265	0.201444296
2.45107673	0.201613268
2.451718834	0.202076332
2.452418172	0.202329384
2.453172957	0.202528486
2.453899124	0.202920837
2.454653908	0.203198402
2.455464139	0.203519824
2.456329816	0.203924306
2.457000537	0.20431281
2.457726704	0.204490695
2.458454659	0.205080174
2.459096763	0.205290492
2.45982293	0.205429515
2.460606332	0.205749823
2.461416562	0.205837186
2.462226793	0.206375806
2.463037024	0.206541846
2.463763191	0.206720529
2.464407083	0.207108379
2.465077804	0.207223672
2.465859417	0.207721639
2.466614201	0.208060382
2.467258093	0.208370267
2.468039707	0.20851494
2.468765874	0.208851691
2.469493829	0.209149402
2.470275443	0.209510851
2.471114291	0.209857658
2.471869075	0.210355073
2.472734752	0.21060607
2.473434091	0.210941554
2.474076194	0.211134311
2.474718297	0.211544047
2.475446253	0.211803521
2.47631193	0.212252489
2.477177607	0.212306951
2.477848328	0.212798799
2.478547666	0.212937856
2.479189769	0.213328847
2.479889107	0.213803985
2.480699338	0.213893606
2.481425505	0.214371437
2.482096226	0.214587602
2.482963692	0.214840659
2.483773922	0.215286795
2.484500089	0.215607095
2.485254874	0.215989442
2.486120551	0.21648068
2.487098909	0.216882952
2.48776963	0.217119847
2.488413522	0.217235526
2.488971561	0.217720556
2.489642282	0.218136307
2.490368449	0.218418211
2.491207297	0.218729986
2.491990699	0.219056904
2.492827759	0.219468159
2.493582543	0.219912124
2.494253264	0.220150147
2.494897156	0.220385895
2.495678769	0.220633912
2.496462171	0.221001552
2.497243785	0.221269728
2.497887677	0.221824368
2.498640673	0.222150061
2.499311393	0.222388927
2.500010732	0.222650358
2.500794133	0.222759981
2.50165981	0.223156029
2.502441424	0.223863824
2.503335718	0.224123348
2.50397961	0.224220899
2.504566267	0.224532869
2.505236988	0.224832543
2.506018601	0.225381928
2.506912896	0.225901816
2.507640851	0.225967413
2.508367018	0.226272693
2.509066357	0.226795608
2.509792524	0.227161221
2.510574137	0.227572043
2.511273475	0.227795516
2.51202826	0.228004095
2.512754427	0.228570554
2.513564657	0.229004767
2.514263996	0.229188686
2.514961545	0.229572904
2.515689501	0.229879898
2.516528349	0.230096915
2.517420855	0.23065994
2.518120193	0.231225634
2.518790914	0.231206943
2.519433017	0.231647311
2.520187802	0.231817115
2.520971204	0.2321704
2.521865498	0.232755124
2.522591665	0.232942747
2.523375067	0.233356901
2.524129852	0.233507152
2.524827401	0.234054518
2.525553568	0.234403569
2.526252906	0.234710031
2.526979074	0.235019121
2.527733858	0.235129602
2.528433196	0.235778914
2.529187981	0.236131439
2.529914148	0.236420981
2.530668932	0.236874645
2.531423717	0.237247855
2.532318011	0.237493092
2.533071007	0.237987572
2.533741728	0.238212101
2.534357002	0.238512275
2.535083169	0.238681615
2.535837954	0.239217415
2.536592738	0.23953116
2.537431586	0.240115837
2.538157754	0.240548592
2.538941155	0.240825144
2.53969594	0.241341942
2.540422107	0.241451433
2.541092828	0.241879641
2.541763549	0.242470065
2.542573779	0.242547357
2.543355393	0.242723247
2.544167412	0.243246731
2.544893579	0.24362033
2.545648363	0.244098266
2.54637453	0.244411375
2.547156144	0.244567582
2.547994992	0.244769941
2.548665713	0.245403
2.549336434	0.245691029
2.550062601	0.246004844
2.550761939	0.246478805
2.551516723	0.246836371
2.552326954	0.247138463
2.553110356	0.247458441
2.553891969	0.248022592
2.554675371	0.248261521
2.555401538	0.248657877
2.555988195	0.248898261
2.556658916	0.249126549
2.557413701	0.249465008
2.558223931	0.249788654
2.558950098	0.250267359
2.559704883	0.250810286
2.560459667	0.251108666
2.561185834	0.251669671
2.561996065	0.25195343
2.562947594	0.252455444
2.56356108	0.25259758
2.564231801	0.252929287
2.564931139	0.252957392
2.565630478	0.253496557
2.566356645	0.254099981
2.567195493	0.254448962
2.568116616	0.255133689
2.568842783	0.255430989
2.569597568	0.255813163
2.570352352	0.256052152
2.570996244	0.256382613
2.571666965	0.256838835
2.572419961	0.257160007
2.57323198	0.257343702
2.574042211	0.257978509
2.574796995	0.258177254
2.575494545	0.258698679
2.576138437	0.258989153
2.576864604	0.259205887
2.577674835	0.25975979
2.578513683	0.260152512
2.57910034	0.260581612
2.579855124	0.260575646
2.580552674	0.261036782
2.58128063	0.261418939
2.582062243	0.2620536
2.582872474	0.262506282
2.583571812	0.262886152
2.584437489	0.263077203
2.585220891	0.26338354
2.585862994	0.26396407
2.586478269	0.264150534
2.587204436	0.264451462
2.588070113	0.264952389
2.588937578	0.265309372
2.589635128	0.26585545
2.590389912	0.26640767
2.591117868	0.266833525
2.591954928	0.267002337
2.592765158	0.267643607
2.593380433	0.267831106
2.594079771	0.26806869
2.594890002	0.268627975
2.59558934	0.26930015
2.596231443	0.269408144
2.596902164	0.269684669
2.597656949	0.269990735
2.598551243	0.270394268
2.599306028	0.270845617
2.600060812	0.271359335
2.600731533	0.271491504
2.601402254	0.271768804
2.602128421	0.27201054
2.602967269	0.27243008
2.603693436	0.273294451
2.604532284	0.27350702
2.605342515	0.274028057
2.606013236	0.274451609
2.606710785	0.275002795
2.607494187	0.275043889
2.6082758	0.275625129
2.609030585	0.276079093
2.609645859	0.276476903
2.610400644	0.276598468
2.611155428	0.277219402
2.611881595	0.277483803
2.61263638	0.277917894
2.613475228	0.278111248
2.614256841	0.278631869
2.615179753	0.278834425
2.615793239	0.279483439
2.616381685	0.279713092
2.617023788	0.279802591
2.617749955	0.280297402
2.618672867	0.280897005
2.61945448	0.281648755
2.620182436	0.281935806
2.620879986	0.282115281
2.621606153	0.282444118
2.622389555	0.283155385
2.623115722	0.283630919
2.623899124	0.2841965
2.624653908	0.28444556
2.625406904	0.284673603
2.626050796	0.285182839
2.626748346	0.285384173
2.627476301	0.285881983
2.628313361	0.286391914
2.629236273	0.28691148
2.629906993	0.287278048
2.630606332	0.287815582
2.631219818	0.288134294
2.631919156	0.288651277
2.63267394	0.288964809
2.633539617	0.289332623
2.634349848	0.289967401
2.635188696	0.29060567
2.635972098	0.290923104
2.636614201	0.291309104
2.637284922	0.291572337
2.638039707	0.291908027
2.638739045	0.292574134
2.639492041	0.29261556
2.640219996	0.293369465
2.640974781	0.293790031
2.641700948	0.294228652
2.642482561	0.294378874
2.643265963	0.295076941
2.644215704	0.295983603
2.644970488	0.296173468
2.645641209	0.296564785
2.646227866	0.296841402
2.646927204	0.297046396
2.647624754	0.297209064
2.648379539	0.298032384
2.649189769	0.298292435
2.649917725	0.299050078
2.650754784	0.299355757
2.651509569	0.299948059
2.652235736	0.300516272
2.652935074	0.300997152
2.653605795	0.301030962
2.65436058	0.301581892
2.655115364	0.301942681
2.655925595	0.30256389
2.656680379	0.302988576
2.657435164	0.303498153
2.658216777	0.303862772
2.659027008	0.304315577
2.659837238	0.304726214
2.66048113	0.305329958
2.661151851	0.305449342
2.661849401	0.305889977
2.662548739	0.306203713
2.663303524	0.306842276
2.664113754	0.307254044
2.664897156	0.307790313
2.665650152	0.308238367
2.666378108	0.308768709
2.667075657	0.309147009
2.667746378	0.309564865
2.668445716	0.309709803
2.66922733	0.310204626
2.670066178	0.31087655
2.670820962	0.311517747
2.671547129	0.311943041
2.672246468	0.312407969
2.672972635	0.312641955
2.673811483	0.313166175
2.674761223	0.314108613
2.675405115	0.31437609
2.676018601	0.314640084
2.67671794	0.315191536
2.677417278	0.315529893
2.678170274	0.315981412
2.678982293	0.316738958
2.679876587	0.31725041
2.680602754	0.317635407
2.681273475	0.317992625
2.681999642	0.318036005
2.682641746	0.31853966
2.683341084	0.319221374
2.684151315	0.319403313
2.684961545	0.319970397
2.68571633	0.32074515
2.686499732	0.321116992
2.687170453	0.321732456
2.687868002	0.322051563
2.688622787	0.322356232
2.689545698	0.322981221
2.690384547	0.323403516
2.690942586	0.323899432
2.691668753	0.324136971
2.692339474	0.324904234
2.693038812	0.325160296
2.693820426	0.325726892
2.694659274	0.32640805
2.695469505	0.326828362
2.696363799	0.327259071
2.697091755	0.328035128
2.697678412	0.328364426
2.698291898	0.329041109
2.699019853	0.329258916
2.69988553	0.329536626
2.700779825	0.329925542
2.701505992	0.33081071
2.702176713	0.331301937
2.702847433	0.33215949
2.703602218	0.332532301
2.704412449	0.332955193
2.705111787	0.333386167
2.70575389	0.333874938
2.706537292	0.334338228
2.707292077	0.334970768
2.707989626	0.335423894
2.708717582	0.33575148
2.709554641	0.336459757
2.710422107	0.337258579
2.711119657	0.337734221
2.711874441	0.338195593
2.712518333	0.338362347
2.713189054	0.339029727
2.713886603	0.339549382
2.714725452	0.340260011
2.715480236	0.34054935
2.71637453	0.34137577
2.717184761	0.342192073
2.717800036	0.342377837
2.718470757	0.342678943
2.719225541	0.342969092
2.720035772	0.343548104
2.720790556	0.344445581
2.721404042	0.34502199
2.722158827	0.345377968
2.722884994	0.345860635
2.723612949	0.346148419
2.724367734	0.346917297
2.725177965	0.347433047
2.725932749	0.34809401
2.726853872	0.34847237
2.727497764	0.349271845
2.72811125	0.349632999
2.728781971	0.349697215
2.729509927	0.350682216
2.730375604	0.351467872
2.731130388	0.351934985
2.731856555	0.352507451
2.73261134	0.35286613
2.733392953	0.353293762
2.734176355	0.35413575
2.734875693	0.354618583
2.735628689	0.355239368
2.736412091	0.356017025
2.737250939	0.356496945
2.738005723	0.357206117
2.738703273	0.357711745
2.739458058	0.358181412
2.740212842	0.358607615
2.741107136	0.359489102
2.74174924	0.359944705
2.742477195	0.360477321
2.743035235	0.361031522
2.743734573	0.361364054
2.744489358	0.362010174
2.745299589	0.362838919
2.746109819	0.363383632
2.74692005	0.364081818
2.747701663	0.364316778
2.748401002	0.365110291
2.749071722	0.365725111
2.749771061	0.366102985
2.750497228	0.366440746
2.751252012	0.366738605
2.751922733	0.367705118
2.752677517	0.368134976
2.753432302	0.368894109
2.754242533	0.369573261
2.755024146	0.370204998
2.755947058	0.370943886
2.756728671	0.371730034
2.757428009	0.372131938
2.758014666	0.372804469
2.758685387	0.373114946
2.759384725	0.373693249
2.760166339	0.374392921
2.761033804	0.375302595
2.7617868	0.37586708
2.762654266	0.376337349
2.76340905	0.377232859
2.764079771	0.377610738
2.764750492	0.377988756
2.765421213	0.378543195
2.76614738	0.37914954
2.766846718	0.379840654
2.767628331	0.380675699
2.768383116	0.381308929
2.769164729	0.382144733
2.769919514	0.382690314
2.770674298	0.383214059
2.771484529	0.383767794
2.772128421	0.384563791
2.77282597	0.385014067
2.773525309	0.385862565
2.774251476	0.386449915
2.775034877	0.387200285
2.775871937	0.388135464
2.776683956	0.388580879
2.77746557	0.389442722
2.778248972	0.390415927
2.778946521	0.391045383
2.779561796	0.391220554
2.780232517	0.391735869
2.78101413	0.392688059
2.781826149	0.393312535
2.78263638	0.394203125
2.783446611	0.394872378
2.784172778	0.395507827
2.784843498	0.395869387
2.7856269	0.396580046
2.78646396	0.397431911
2.787134681	0.398304865
2.787834019	0.398693585
2.788588803	0.399468124
2.789286353	0.400168134
2.789985691	0.40062416
2.790769093	0.401381531
2.791606153	0.402480651
2.792360937	0.403434968
2.793199785	0.403934525
2.79395457	0.404800605
2.794596673	0.405138581
2.795267394	0.405859462
2.795993561	0.406633263
2.796776963	0.406947762
2.797615811	0.407850031
2.798370596	0.408740489
2.799041316	0.409485248
2.799712037	0.409851072
2.800409587	0.410734177
2.801248435	0.411504511
2.802030048	0.412311465
2.802618494	0.413023339
2.80337149	0.413625736
2.804126274	0.41416163
2.804881059	0.415122397
2.805635843	0.415904775
2.806474691	0.416767082
2.807200859	0.417411755
2.80812377	0.418153124
2.808878555	0.418825055
2.809492041	0.419364258
2.810078698	0.420033994
2.810778036	0.420676047
2.811700948	0.421665526
2.812511179	0.422705863
2.813208728	0.423259022
2.813936684	0.424377527
2.814607405	0.424747806
2.815389018	0.425471459
2.816256484	0.426230882
2.816954033	0.427032275
2.817624754	0.427717683
2.818408156	0.428824731
2.819134323	0.429249703
2.819805044	0.430205635
2.820531211	0.431058077
2.821341442	0.431788885
2.822235736	0.432870244
2.822935074	0.433674807
2.823689859	0.43383576
2.82436058	0.434321393
2.825002683	0.435095433
2.825702021	0.435766031
2.826596316	0.437255306
2.8273511	0.438453443
2.828216777	0.439286292
2.828942944	0.440142948
2.829558219	0.440486685
2.830228939	0.441357853
2.831012341	0.44179583
2.831738508	0.442834263
2.832493293	0.443381121
2.833135396	0.444068577
2.833890181	0.445090114
2.834616348	0.445859177
2.835371132	0.446542713
2.836181363	0.447732471
2.837020211	0.448972577
2.837830442	0.449643493
2.838696119	0.450504467
2.839311393	0.451031968
2.83989805	0.451441961
2.840597389	0.452073718
2.841352173	0.453280573
2.842330531	0.454523756
2.843112145	0.455849423
2.843811483	0.456006871
2.844482204	0.456953034
2.845208371	0.457931186
2.845934538	0.459000486
2.846633876	0.459544242
2.847333214	0.45997477
2.848059381	0.46059134
2.848898229	0.461998221
2.849651225	0.463505422
2.850350563	0.464096123
2.851105348	0.464764249
2.851915579	0.465759854
2.852893937	0.466965317
2.853593275	0.46785287
2.854263996	0.468531415
2.854850653	0.469059924
2.85557682	0.47015764
2.856358433	0.470969124
2.857170453	0.471945366
2.857923448	0.473367767
2.858678233	0.474062242
2.859406189	0.474706996
2.860076909	0.475228556
2.860803076	0.476488978
2.861557861	0.477526743
2.862312645	0.478679026
2.863094259	0.479266009
2.863793597	0.480273019
2.864519764	0.481353445
2.865219102	0.482247196
2.865972098	0.483059026
2.866726882	0.484008573
2.867621177	0.485210643
2.868404579	0.486188862
2.869130746	0.486952071
2.86974602	0.487971156
2.870416741	0.488771361
2.871171526	0.489723487
2.872008585	0.491010488
2.872986943	0.492322368
2.873686282	0.493495512
2.874467895	0.49475204
2.875167233	0.495422242
2.875809336	0.49599118
2.876537292	0.496552222
2.877179395	0.497396687
2.87793418	0.498742554
2.878688964	0.499515614
2.879499195	0.500688697
2.88025398	0.501852699
2.881008764	0.503063156
2.881734931	0.503786967
2.882489716	0.505136226
2.883328564	0.506500889
2.884054731	0.507409788
2.884725452	0.508171397
2.885396172	0.509094243
2.886095511	0.509700565
2.886848507	0.51059264
2.887658737	0.511909415
2.888442139	0.513222082
2.889223752	0.514535067
2.890035772	0.515577776
2.890761939	0.516283172
2.891459488	0.517260215
2.892074763	0.517992482
2.892829547	0.519141889
2.893639778	0.520140396
2.894365945	0.521377936
2.895093901	0.522547148
2.895791451	0.523688309
2.896519406	0.52462775
2.897301019	0.525692761
2.898166696	0.527096851
2.898894652	0.527876012
2.899565373	0.528922311
2.90029154	0.53009472
2.901017707	0.531128955
2.901743874	0.532024913
2.902498659	0.533273419
2.903392953	0.534848938
2.904147737	0.536445839
2.904902522	0.537187074
2.905657306	0.538206452
2.906356645	0.539262317
2.907027365	0.540359636
2.907780361	0.540870317
2.908563763	0.542105299
2.909402611	0.54397715
2.910128778	0.545133207
2.910828117	0.546307932
2.911498837	0.547315383
2.912251833	0.548222706
2.913035235	0.549623596
2.913900912	0.551087157
2.91446074	0.551634266
2.91515829	0.552486374
2.915857628	0.553617973
2.916612413	0.554760597
2.917451261	0.556431182
2.918288321	0.557730242
2.919043105	0.559177014
2.919937399	0.560767579
2.920665355	0.561791726
2.921307458	0.562613556
2.921922733	0.563360672
2.922593454	0.564211906
2.923403684	0.565859142
2.924185298	0.567408449
2.924856019	0.568237765
2.925610803	0.569713167
2.92633697	0.57090386
2.927148989	0.572135177
2.92795922	0.573226757
2.928714005	0.574681363
2.929411554	0.575821941
2.930250402	0.577200958
2.930976569	0.578791971
2.93164729	0.579531774
2.932373457	0.58042302
2.933156859	0.582097249
2.934079771	0.584033839
2.934750492	0.58470519
2.935448041	0.585639427
2.936063316	0.586814949
2.936734037	0.587463809
2.937433375	0.588563344
2.938214988	0.590335386
2.93899839	0.591991556
2.939864067	0.593782266
2.940702915	0.595357607
2.941400465	0.596295702
2.942099803	0.59739864
2.942910034	0.598899779
2.943693436	0.600255448
2.944390986	0.601406522
2.945034877	0.602335898
2.945787873	0.603827833
2.946458594	0.604904428
2.94718655	0.606228054
2.947941334	0.607769196
2.948807011	0.609427948
2.949588625	0.610717613
2.950427473	0.612301861
2.951098194	0.613546248
2.951713468	0.614191598
2.952384189	0.615060435
2.953110356	0.616576499
2.95400465	0.618787476
2.954759435	0.620405306
2.955458773	0.621376376
2.956213558	0.622665731
2.956995171	0.624008447
2.957778573	0.625729252
2.958531569	0.627208693
2.959230907	0.628559508
2.959957074	0.630010943
2.960824539	0.631870627
2.961550706	0.633134705
2.962221427	0.634340246
2.962892148	0.63533379
2.963673761	0.636847442
2.964596673	0.638746566
2.965296011	0.640244032
2.966022179	0.641346166
2.966580218	0.642128698
2.967250939	0.643125042
2.968005723	0.644471107
2.968815954	0.646515857
2.969599356	0.648271821
2.970438204	0.649922412
2.971275264	0.651762843
2.972003219	0.653106588
2.972645323	0.65372142
2.97337149	0.655089416
2.974070828	0.656096613
2.974852441	0.657999434
2.975580397	0.659796425
2.97636201	0.661226687
2.977061349	0.662781626
2.977816133	0.664420776
2.978597746	0.6658768
2.979520658	0.668172346
2.980302272	0.669629988
2.981030227	0.670743678
2.981616884	0.671683447
2.982287605	0.673046469
2.983013772	0.674351265
2.983768557	0.676209923
2.984634234	0.678308666
2.985360401	0.679972327
2.986143803	0.681625988
2.986843141	0.682618605
2.98754069	0.683754034
2.988324092	0.685266765
2.988994813	0.686659039
2.989749598	0.688261798
2.990502593	0.689841036
2.991285995	0.691571021
2.991985334	0.693163136
2.992738329	0.694696837
2.993493114	0.696398605
2.994331962	0.69790601
2.995142193	0.699908646
2.995841531	0.701074661
2.996456806	0.701958805
2.997127526	0.702856257
2.997798247	0.704470645
2.998608478	0.706548616
2.999445537	0.708657846
3.000257557	0.710786117
3.001067788	0.712365015
3.001849401	0.714535834
3.002520122	0.715819937
3.003190842	0.716937033
3.003861563	0.718102427
3.004644965	0.719893781
3.005426578	0.721853174
3.006152745	0.723201304
3.006880701	0.72493378
3.007635486	0.726697457
3.008388481	0.728389581
3.009171883	0.730041883
3.010010732	0.732068188
3.010736899	0.733540256
3.011407619	0.734855445
3.012049723	0.73599615
3.012749061	0.737823445
3.013475228	0.739153848
3.014285459	0.741274041
3.015208371	0.744287969
3.015934538	0.746173445
3.016633876	0.74711565
3.017360043	0.748786145
3.01808621	0.749856144
3.018756931	0.751105211
3.019484886	0.753066749
3.0202665	0.755331349
3.021021284	0.756795922
3.021802898	0.759086519
3.022530853	0.760834838
3.023285638	0.762446139
3.024038634	0.764154081
3.024906099	0.766349716
3.025744947	0.769069626
3.026331604	0.769797481
3.027057771	0.771405272
3.027783938	0.773230878
3.028510106	0.775202061
3.02926489	0.776891791
3.030075121	0.778862098
3.030829905	0.780915664
3.031668753	0.783185121
3.032423538	0.784684896
3.033094259	0.786066859
3.033654087	0.786888777
3.034323019	0.788198649
3.035135038	0.790295958
3.036029333	0.793020538
3.0367555	0.795049207
3.037537113	0.79740795
3.038265069	0.798954771
3.0390753	0.800911366
3.03988553	0.803135335
3.040527634	0.804443662
3.041171526	0.805462154
3.041897693	0.807472348
3.04262386	0.809047019
3.043323198	0.810687951
3.044049365	0.812530754
3.044859596	0.814712233
3.04575389	0.817402683
3.046508675	0.819717171
3.047263459	0.821085746
3.047905563	0.822473066
3.048576283	0.824160129
3.049331068	0.825992109
3.050141299	0.828155894
3.050896083	0.830111144
3.05176176	0.832924267
3.052545162	0.835302836
3.053215883	0.836702794
3.053915221	0.837794798
3.054696834	0.839859078
3.055480236	0.842241301
3.056177786	0.844065165
3.056764443	0.844884821
3.057492398	0.846888851
3.058189948	0.848446674
3.058944733	0.850581628
3.0596709	0.852660797
3.060538365	0.855316829
3.061375425	0.857575414
3.062214273	0.860104009
3.062858165	0.861578341
3.063471651	0.862361167
3.064170989	0.86414505
3.064952602	0.866343654
3.065904132	0.869446439
3.066658916	0.872128473
3.067356466	0.873597786
3.068082633	0.875222521
3.068866035	0.877500061
3.069620819	0.879281266
3.070318369	0.880973422
3.071017707	0.882813592
3.071688428	0.884377036
3.07247183	0.88636528
3.073197997	0.888680705
3.073924164	0.890752192
3.074678948	0.892832868
3.075460562	0.895338861
3.076354856	0.898075003
3.077082812	0.899832185
3.077753532	0.901573332
3.078367018	0.902758723
3.079121803	0.904844718
3.079876587	0.907422444
3.080686818	0.910017703
3.081441603	0.912155821
3.082251833	0.914655162
3.083062064	0.917425919
3.083732785	0.919026085
3.084432123	0.920537093
3.085131461	0.92212244
3.085857628	0.923790208
3.08664103	0.926533394
3.08733858	0.928268
3.088121982	0.930988806
3.088874978	0.933209431
3.08965838	0.935957229
3.090384547	0.937827055
3.091252012	0.940627345
3.092062243	0.943411596
3.092759793	0.945275539
3.09334645	0.946268235
3.09401717	0.94758282
3.094745126	0.949901809
3.095555357	0.952419753
3.096505097	0.956116885
3.097259882	0.958891916
3.098041495	0.961380287
3.098740833	0.963128157
3.099440172	0.964703841
3.100110893	0.966221813
3.100808442	0.96802051
3.101536398	0.970200127
3.102233947	0.972222816
3.102988732	0.974635162
3.103714899	0.977187943
3.104442855	0.978950805
3.105169022	0.980738563
3.105950635	0.983460289
3.106902164	0.987103665
3.107628331	0.989216288
3.108325881	0.991048221
3.108996602	0.992698899
3.109667322	0.994597979
3.110422107	0.996797344
3.111232338	0.999635231
3.112044357	1.002698212
3.11282597	1.005132746
3.113580755	1.007634122
3.114306922	1.009432486
3.114950814	1.011006307
3.115648363	1.012896042
3.116458594	1.015593017
3.117297442	1.018996098
3.117996781	1.020864444
3.118722948	1.023115079
3.119422286	1.025233554
3.120119835	1.027103671
3.12087462	1.029714552
3.121740297	1.03266174
3.122439635	1.034634679
3.123138973	1.036459084
3.123836523	1.038656976
3.124564479	1.041065049
3.125290646	1.043124897
3.126072259	1.045876669
3.126966553	1.049539539
3.127721338	1.052808448
3.128447505	1.054423912
3.129202289	1.056648085
3.12987301	1.05847068
3.130572348	1.060228817
3.131298515	1.062670399
3.132081917	1.065956039
3.132892148	1.068852933
3.133702379	1.071576395
3.134428546	1.073847727
3.135099267	1.076275831
3.135827222	1.078199844
3.136692899	1.081246785
3.13750313	1.084651082
3.138089787	1.085554024
3.138789125	1.08807188
3.139515292	1.090424957
3.140241459	1.092378657
3.140996244	1.094993838
3.141806475	1.097829795
3.142532642	1.100787868
3.143426936	1.104056701
3.144210338	1.107012574
3.144881059	1.108877544
3.145496333	1.110422865
3.146167054	1.112088579
3.147032731	1.115478916
3.147871579	1.119212572
3.1485423	1.120881059
3.149297085	1.123809726
3.150023252	1.126528634
3.150804865	1.129092806
3.151643713	1.132356707
3.152287605	1.134044885
3.152958326	1.135416722
3.153768557	1.138698921
3.154523341	1.141862043
3.155165444	1.143703477
3.155864783	1.145742367
3.156617779	1.148229149
3.157512073	1.152152254
3.158240029	1.155035066
3.159021642	1.157787725
3.159692363	1.159493801
3.160336255	1.161014367
3.161006975	1.162973507
3.161788589	1.165881199
3.162543373	1.169233864
3.16340905	1.172629103
3.164219281	1.176484463
3.164918619	1.179215893
3.165617957	1.181116023
3.166399571	1.183451301
3.167209801	1.186378747
3.167937757	1.189301892
3.168551243	1.190213886
3.169279199	1.193340945
3.170005366	1.196115013
3.17076015	1.199153697
3.171570381	1.202239982
3.172409229	1.205818845
3.17321946	1.20908511
3.174140583	1.213078126
3.174755858	1.214729893
3.175315686	1.215627231
3.175986407	1.217554247
3.176739403	1.22052606
3.177662314	1.224628012
3.178388481	1.228402828
3.17908782	1.230547634
3.179813987	1.233007712
3.180568771	1.23563196
3.181323556	1.238181268
3.182049723	1.240923327
3.182749061	1.243275617
3.183446611	1.245272996
3.184230013	1.248522633
3.185011626	1.251925287
3.185739581	1.254673708
3.186465749	1.256914744
3.187247362	1.260092847
3.188141656	1.263621851
3.188840994	1.265931761
3.189540333	1.267988417
3.19012699	1.269035058
3.190824539	1.271143137
3.191607941	1.274150925
3.192446789	1.277767288
3.19325702	1.28201
3.194095868	1.28509548
3.194877482	1.288261155
3.195603649	1.290336374
3.19627437	1.292007958
3.196973708	1.293870028
3.197699875	1.296482572
3.198483277	1.299756563
3.199180826	1.301849919
3.199935611	1.305089277
3.200719013	1.308035671
3.201529243	1.312040255
3.202284028	1.314773618
3.203094259	1.317530931
3.203791808	1.32003881
3.204462529	1.321693975
3.205106421	1.323057715
3.205803971	1.325670189
3.206531926	1.32883282
3.207286711	1.331266768
3.208181005	1.335804768
3.208907172	1.339098697
3.209717403	1.342096657
3.21044357	1.34506074
3.211142908	1.347195987
3.211840458	1.349254508
3.21248435	1.350881666
3.213239134	1.353452168
3.213993919	1.356663967
3.214830978	1.360475484
3.215641209	1.364328665
3.216369165	1.367328507
3.217095332	1.370021195
3.217850116	1.37300921
3.218660347	1.376842874
3.219331068	1.37841239
3.220001789	1.380546902
3.220727956	1.383244915
3.221427294	1.385727111
3.222153461	1.388581257
3.222963692	1.392474401
3.223831157	1.39721613
3.224668217	1.401304626
3.225451619	1.404677755
3.226122339	1.406460809
3.226764443	1.407794903
3.227408335	1.40982454
3.228189948	1.413072628
3.229028796	1.417710882
3.229783581	1.420898893
3.23048113	1.423290782
3.231180469	1.426044811
3.231906636	1.428863264
3.232690038	1.432068807
3.233611161	1.437063178
3.234310499	1.439822257
3.235009837	1.441809086
3.235736004	1.444943051
3.236462171	1.448233009
3.237216956	1.45182087
3.238055804	1.455860851
3.238866035	1.459967255
3.239536755	1.462231383
3.240234305	1.464456813
3.24098909	1.46750953
3.241632982	1.469686654
3.242303702	1.471773365
3.243085316	1.474686452
3.243895546	1.479112978
3.244734395	1.483502907
3.245600072	1.488398573
3.24629941	1.491280108
3.246970131	1.492881836
3.247669469	1.495480626
3.248506528	1.499127523
3.249318548	1.503644813
3.249932034	1.50473148
3.250631372	1.507334603
3.251302093	1.509251841
3.252001431	1.512038147
3.252754427	1.515394787
3.253566446	1.519272944
3.254292613	1.522853359
3.255102844	1.526552454
3.255857628	1.529319134
3.256555178	1.532111904
3.25719907	1.533634663
3.25789662	1.536091766
3.258764085	1.540369745
3.25965838	1.54575338
3.260413164	1.548709243
3.261139331	1.5519905
3.261810052	1.55389512
3.262591665	1.557101119
3.263403684	1.560557042
3.264074405	1.563062499
3.264771955	1.565399621
3.265555357	1.569470139
3.266252906	1.572069646
3.266923627	1.573850219
3.267622965	1.576191964
3.268433196	1.580254896
3.269327491	1.585610808
3.269998211	1.588411402
3.270752996	1.590758736
3.271395099	1.592973912
3.272123055	1.595414198
3.272904668	1.599394186
3.273743516	1.603612611
3.274469683	1.606603548
3.275279914	1.610524293
3.276034699	1.614393354
3.276705419	1.616760396
3.27737614	1.618710439
3.278159542	1.621108665
3.278885709	1.624393945
3.279667322	1.627681906
3.280311214	1.629360639
3.281092828	1.632886173
3.28187623	1.636231041
3.28268646	1.640218485
3.283468074	1.644324183
3.284278304	1.648184318
3.28500626	1.651010118
3.285900554	1.655334588
3.286487212	1.656939485
3.287073869	1.657497176
3.287773207	1.659762225
3.28855482	1.663563277
3.289561796	1.66962954
3.290287963	1.673091766
3.290985512	1.675491859
3.291656233	1.678036514
3.292355571	1.680045762
3.293081739	1.682672929
3.293809694	1.685380744
3.294535861	1.687983669
3.295262028	1.691086462
3.296072259	1.695468054
3.296798426	1.698494788
3.297497764	1.7006155
3.298197102	1.703157447
3.298978716	1.70637374
3.299846181	1.710871644
3.300599177	1.713997208
3.301382579	1.717139835
3.301969236	1.718181665
3.302668574	1.719782422
3.303394742	1.723055962
3.304204972	1.72661165
3.30504382	1.730947572
3.305854051	1.734085084
3.306608836	1.737590009
3.307306385	1.739695865
3.308034341	1.741660311
3.308815954	1.744998349
3.309542121	1.748440332
3.310270077	1.751277942
3.310967627	1.75336182
3.311695582	1.756887491
3.312393132	1.759078705
3.313176534	1.762530716
3.313931318	1.76599532
3.314852441	1.771082078
3.315607226	1.774734908
3.316306564	1.776668302
3.31692005	1.77763128
3.317619388	1.780385244
3.318345555	1.783366157
3.31910034	1.786204923
3.319967805	1.790534031
3.320693972	1.793545181
3.321475586	1.797116786
3.32223037	1.799669398
3.322956537	1.801333698
3.323655876	1.803566633
3.324382043	1.806397681
3.325136827	1.808953919
3.325862994	1.811310038
3.326701842	1.815371918
3.327428009	1.818260442
3.328127348	1.82020721
3.328826686	1.82223421
3.329608299	1.82436004
3.330502593	1.828936874
3.331201932	1.830356108
3.331844035	1.831478826
3.332487927	1.832576269
3.333185477	1.834261264
3.333940261	1.83733315
3.334723663	1.840581461
3.335505276	1.843856686
3.336288678	1.846017706
3.337098909	1.849337785
3.337825076	1.85162854
3.338495797	1.852532648
3.3391379	1.853633938
3.339892685	1.856208565
3.340731533	1.860161908
3.341541764	1.863115883
3.342296548	1.866093379
3.343022715	1.86793725
3.343722053	1.869500311
3.344532284	1.872485035
3.345455196	1.876440495
3.346068682	1.87643799
3.346712574	1.876852412
3.347438741	1.878993383
3.348193525	1.881444652
3.348891075	1.883090791
3.349703094	1.885442443
3.350597389	1.889870417
3.351350385	1.892538272
3.352105169	1.893792515
3.352833125	1.895699863
3.353503845	1.896560071
3.354117331	1.897601903
3.35481667	1.899280672
3.3556269	1.902573607
3.356465749	1.905456245
3.357275979	1.908511077
3.358030764	1.910331525
3.358701485	1.91156949
3.359399034	1.912823072
3.360182436	1.914848824
3.361048113	1.918073832
3.36163477	1.917819333
3.362389555	1.920018208
3.363088893	1.92127507
3.363843677	1.922832014
3.364598462	1.925113321
3.365380075	1.926981771
3.366079413	1.928428237
3.366889644	1.930797193
3.367671257	1.932479787
3.368370596	1.933766797
3.369012699	1.933893823
3.369740655	1.935439409
3.370606332	1.938810362
3.37144518	1.942086744
3.372142729	1.942461691
3.372870685	1.943794782
3.373596852	1.944750899
3.374407083	1.94728832
3.375217314	1.949423322
3.375832588	1.949509696
3.376531926	1.949402369
3.37731354	1.952006493
3.378039707	1.953206783
3.378739045	1.953799601
3.379438383	1.954957981
3.380219996	1.957187779
3.381114291	1.959456761
3.381869075	1.959975022
3.382650689	1.96075145
3.383265963	1.960595886
3.383936684	1.961038495
3.384662851	1.962214463
3.38547487	1.963656352
3.38617242	1.9642768
3.386982651	1.966231139
3.387766053	1.967144825
3.388463602	1.967441866
3.389191558	1.967513467
3.390001789	1.969064306
3.390756573	1.970043078
3.391538186	1.971199828
3.392182078	1.970411803
3.392992309	1.971720551
3.393747094	1.972267335
3.394473261	1.972581155
3.395199428	1.973138408
3.39598283	1.974026641
3.39679306	1.97452468
3.397742801	1.976159701
3.398358075	1.975190702
3.398916115	1.975190049
3.399560007	1.975835111
3.400313003	1.976868826
3.401180469	1.978430092
3.401906636	1.977957971
3.402605974	1.977903673
3.403332141	1.978461379
3.404031479	1.97875943
3.40484171	1.97963737
3.40553926	1.979608765
3.406267215	1.979679079
3.406993382	1.980508328
3.40783223	1.98229935
3.408585226	1.98238428
3.409284564	1.98257368
3.410039349	1.983420178
3.41084958	1.984081688
3.411827938	1.985276072
3.412554105	1.984474989
3.413169379	1.983989691
3.413727419	1.983552437
3.414426757	1.984774986
3.415181542	1.985268161
3.41602039	1.986381833
3.416830621	1.986771296
3.417669469	1.986932269
3.4184797	1.986232042
3.41915042	1.98534127
3.41984797	1.985228559
3.420491862	1.985956653
3.421189412	1.986170831
3.421972813	1.986598368
3.422698981	1.987047211
3.423482382	1.988020311
3.424179932	1.988234389
3.424990163	1.989032335
3.425744947	1.989497966
3.426639242	1.990235758
3.427394026	1.989800229
3.428036129	1.989544761
3.428651404	1.99047557
3.429377571	1.991334352
3.430132356	1.991635973
3.43088714	1.992156236
3.431697371	1.992818109
3.432452155	1.99333847
3.433319621	1.994717664
3.434072617	1.993786989
3.434771955	1.993891962
3.435442676	1.994500309
3.436142014	1.995043219
3.436952245	1.996088751
3.437733858	1.996761829
3.438544089	1.996931055
3.43921481	1.996334027
3.439914148	1.996548099
3.440668932	1.996931349
3.441479163	1.9974016
3.442318011	1.997833601
3.442933286	1.997559715
3.443575389	1.998261524
3.44424611	1.998266516
3.444945448	1.998342858
3.445727061	1.999235551
3.446592738	2.000534247
3.447431586	2.000938738
3.448270435	2.006810964
3.448996602	2.016797328
3.449667322	2.024831025
3.450282597	2.031707842
3.4509247	2.038327858
3.451708102	2.046766642
3.45254695	2.057773003
3.453273118	2.065415034
3.454027902	2.073407538
3.454754069	2.081358569
3.455480236	2.088486748
3.456290467	2.095944111
3.457184761	2.10516382
3.457828653	2.111286805
3.458499374	2.115885115
3.459196924	2.121604029
3.459951708	2.128214917
3.460677875	2.13483841
3.461516723	2.142306497
3.462411018	2.151909139
3.463110356	2.158304195
3.463807906	2.162934137
3.464507244	2.167760126
3.465177965	2.172321447
3.465848685	2.176746289
3.466658916	2.183111188
3.467497764	2.191403328
3.468336612	2.198566142
3.469091397	2.2052088
3.469762118	2.20862109
3.470404221	2.211020799
3.471130388	2.213585485
3.4720533	2.217051277
3.472892148	2.21966235
3.473450188	2.217389711
3.474149526	2.218721995
3.474875693	2.220570165
3.475657306	2.221734311
3.476440708	2.222844499
3.477279556	2.225043305
3.478034341	2.226662527
3.4788714	2.228445823
3.479570739	2.229032423
3.480241459	2.229573015
3.480799499	2.229708632
3.48147022	2.230609872
3.482309068	2.232978663
3.48323198	2.234652905
3.48392953	2.235128176
3.484657485	2.235373069
3.485328206	2.235553386
3.486082991	2.238009725
3.486893221	2.241141577
3.487619388	2.241663888
3.488261492	2.243049421
3.489016276	2.244813611
3.489742443	2.245586697
3.490441781	2.246287019
3.491196566	2.248080224
3.492035414	2.25101333
3.493013772	2.254232442
3.493711322	2.259275934
3.494437489	2.262251495
3.49510821	2.266668185
3.49577893	2.27002792
3.496478269	2.275051147
3.497261671	2.278570478
3.497987838	2.284478718
3.498826686	2.291466628
3.499608299	2.29666326
3.500307637	2.298907227
3.501033804	2.30303862
3.501815418	2.308798525
3.502627437	2.315139053
3.503324987	2.294580164
3.503940261	2.278259166
3.504695046	2.288328495
3.50544983	2.296865697
3.506204615	2.305490177
3.50695761	2.313194829
3.507796459	2.321714046
3.508551243	2.328811371
3.50941692	2.336544618
3.510116258	2.341737003
3.510676087	2.338473929
3.511289573	2.342351897
3.512017528	2.348798145
3.512938651	2.35627211
3.513722053	2.36589685
3.51444822	2.370950383
3.515147559	2.376491832
3.515873726	2.38202546
3.516599893	2.388177628
3.51732606	2.394079894
3.518025398	2.398788744
3.518724736	2.40394788
3.519534967	2.412157459
3.520345198	2.4196693
3.521099982	2.427061953
3.521854767	2.432773797
3.522691826	2.439443038
3.523586121	2.447362191
3.524230013	2.451291524
3.524927562	2.456214465
3.525514219	2.458449218
3.52618494	2.462204292
3.526939725	2.468323848
3.527778573	2.475854033
3.528617421	2.484596528
3.529456269	2.491599264
3.530293329	2.498660041
3.530992667	2.502897025
3.531663388	2.506299094
3.532389555	2.511233435
3.533172957	2.517336464
3.533899124	2.523513718
3.534598462	2.527449131
3.535324629	2.533461518
3.536050796	2.538659066
3.536776963	2.544168531
3.537476301	2.548054045
3.538286532	2.554530102
3.539096763	2.561375457
3.539796101	2.566197043
3.540438204	2.568693707
3.541137542	2.573292452
3.541919156	2.579307374
3.542729387	2.586390055
3.543680916	2.59623335
3.5444357	2.602858475
3.545217314	2.609223445
3.545916652	2.613608988
3.546587373	2.616985846
3.547284922	2.620468407
3.547955643	2.624356353
3.548683599	2.629871448
3.549436595	2.635378895
3.550219996	2.641363677
3.550946163	2.646204693
3.551645502	2.650602943
3.552343051	2.655199521
3.553126453	2.660145087
3.554020748	2.668319131
3.554746915	2.672574862
3.555390807	2.675806952
3.556061527	2.67917359
3.556703631	2.68305819
3.557485244	2.687814748
3.558297263	2.694467441
3.559107494	2.701858878
3.559944554	2.707997345
3.560812019	2.71580721
3.561509569	2.720000061
3.562153461	2.722138069
3.562851011	2.725595218
3.56366303	2.73249187
3.564444643	2.73959523
3.56517081	2.743249798
3.565870148	2.746401934
3.566569487	2.750720269
3.567240207	2.754875864
3.568021821	2.760824406
3.569000179	2.770596354
3.569699517	2.776173803
3.57034162	2.778408555
3.571040959	2.782538042
3.571711679	2.787130424
3.572437847	2.791426076
3.57321946	2.797361051
3.574113754	2.805722016
3.574813092	2.811626103
3.57553926	2.81538816
3.576294044	2.820028963
3.576964765	2.824006556
3.577635486	2.827244259
3.57839027	2.832545388
3.579200501	2.839632155
3.579983903	2.845245692
3.580736899	2.85169316
3.581464854	2.856439387
3.582191021	2.861471314
3.582972635	2.866692153
3.583866929	2.873090452
3.584650331	2.881059163
3.585208371	2.88185048
3.585907709	2.885898522
3.586633876	2.890884061
3.587361832	2.895901412
3.588143445	2.902078982
3.589009122	2.910672099
3.589821141	2.917966807
3.590715436	2.925932383
3.591412985	2.930220977
3.59202826	2.932182686
3.592614917	2.934207402
3.593314255	2.938701157
3.594151315	2.946058532
3.594990163	2.955024623
3.595660884	2.958011253
3.596360222	2.963314854
3.597057771	2.968131567
3.597812556	2.973541909
3.598680021	2.980366577
3.599434806	2.987272762
3.600132356	2.990806369
3.600999821	2.998987253
3.601752817	3.005095916
3.602368092	3.007848188
3.603038812	3.011652386
3.603793597	3.017193632
3.604632445	3.024616926
3.605358612	3.030655831
3.606113397	3.034623442
3.6067555	3.038612476
3.607426221	3.041735798
3.608181005	3.047116046
3.608991236	3.053752967
3.60974602	3.061035862
3.610613486	3.068762535
3.611423717	3.076472586
3.61206582	3.079955279
3.612820605	3.085003347
3.613602218	3.090277753
3.614330173	3.09588259
3.615056341	3.101027015
3.615642998	3.103402898
3.616453228	3.10980398
3.617179395	3.116135199
3.61793418	3.121657392
3.618744411	3.128642429
3.619611876	3.137842978
3.620422107	3.1445169
3.621287784	3.153001892
3.621874441	3.155446276
3.622434269	3.156309241
3.623076373	3.15888956
3.623831157	3.164283166
3.624754069	3.173782674
3.6255643	3.183418789
3.626263638	3.187413501
3.626934359	3.191037539
3.627660526	3.194798244
3.62841531	3.199712982
3.629141477	3.205066898
3.629867644	3.210307007
3.630651046	3.215917872
3.631461277	3.224361447
3.632187444	3.230331487
3.632886782	3.23451397
3.633584332	3.239159477
3.634394563	3.246079051
3.635317475	3.25460849
3.635959578	3.257732866
3.636630299	3.261086644
3.637218744	3.263614068
3.637944911	3.268149985
3.638699696	3.275351612
3.639565373	3.283061969
3.640375604	3.292233867
3.641159006	3.298280781
3.641969236	3.305108847
3.642695403	3.310121667
3.643394742	3.31395057
3.644149526	3.318847477
3.644902522	3.325109521
3.645685924	3.332883167
3.646440708	3.337146992
3.647166875	3.343885333
3.647837596	3.347377857
3.648592381	3.353041862
3.649373994	3.359256031
3.650325523	3.369672209
3.65105169	3.374473615
3.651666965	3.376875389
3.652253622	3.378378253
3.652951172	3.382341713
3.653679127	3.38837253
3.65446074	3.395125064
3.655383652	3.40515735
3.656138437	3.412240501
3.656893221	3.418160742
3.657619388	3.422395117
3.658345555	3.427272207
3.659044894	3.432038331
3.659715614	3.435787677
3.660497228	3.442938273
3.661223395	3.448084764
3.661978179	3.454573072
3.662732964	3.460742726
3.663459131	3.466508065
3.664213915	3.472565309
3.665024146	3.479027821
3.665862994	3.488178177
3.666506886	3.489930252
3.667120372	3.492764139
3.66781971	3.497667946
3.668519048	3.502748757
3.669272044	3.508788903
3.670084064	3.516671625
3.670894294	3.524702026
3.671675908	3.530923455
3.672486138	3.53834529
3.673240923	3.543609178
3.673884815	3.546718635
3.674555536	3.550294072
3.675337149	3.556437796
3.676175997	3.565978594
3.676902164	3.571106995
3.677628331	3.576735309
3.678327669	3.582017034
3.679082454	3.587325258
3.679864067	3.593072054
3.680702915	3.600753942
3.681373636	3.604783464
3.682072974	3.608490193
3.682827759	3.614071859
3.683553926	3.619715442
3.684251476	3.624334685
3.68500626	3.630303737
3.685900554	3.639378909
3.686655339	3.646763084
3.687438741	3.651475195
3.688220354	3.658450097
3.688946521	3.664461322
3.689674477	3.669271018
3.690429261	3.675197051
3.691210875	3.682946092
3.692021105	3.688873326
3.692747272	3.695836822
3.693391164	3.699453623
3.694033268	3.703010799
3.694732606	3.706920808
3.695571454	3.714152375
3.696437131	3.723652334
3.696995171	3.724155566
3.697665892	3.728366831
3.69836523	3.732549323
3.699091397	3.736082311
3.699901628	3.742207276
3.700740476	3.75039822
3.70149526	3.75706193
3.702389555	3.763928874
3.703115722	3.767706322
3.703786442	3.77060216
3.7043731	3.771937323
3.705072438	3.775808323
3.705966732	3.783629621
3.706776963	3.793140436
3.707447684	3.796131014
3.708173851	3.800420215
3.708873189	3.804062675
3.70968342	3.809504941
3.710550885	3.816604639
3.711248435	3.822231028
3.711919156	3.823749963
3.712702558	3.829586126
3.713457342	3.836489658
3.714128063	3.84055639
3.714825613	3.844563307
3.715635843	3.851678447
3.716587373	3.861697158
3.71731354	3.867961003
3.718011089	3.87212339
3.718626364	3.873623452
3.719270256	3.876457582
3.719996423	3.881897781
3.720806654	3.889621579
3.721588267	3.896873592
3.722455732	3.905849707
3.723265963	3.914977076
3.723908067	3.918322773
3.724607405	3.923450987
3.725333572	3.927540522
3.726143803	3.933353026
3.726871758	3.939793436
3.727485244	3.941481509
3.7282132	3.947539081
3.728939367	3.952111188
3.729665534	3.959002816
3.730420318	3.964708549
3.731230549	3.971664505
3.732013951	3.978653981
3.732879628	3.986655955
3.733578966	3.992103279
3.734192452	3.994544516
3.73489179	3.998834064
3.735646575	4.005267983
3.736596316	4.015903168
3.7373511	4.0256185
3.738050438	4.029290734
3.738776605	4.032695091
3.739558219	4.036517878
3.740313003	4.042339553
3.741067788	4.048222867
3.741767126	4.052825743
3.74252191	4.058563721
3.743332141	4.065914907
3.744002862	4.070432179
3.744673583	4.073846801
3.745344303	4.077710036
3.746125917	4.084471234
3.747020211	4.09302991
3.747746378	4.097735124
3.748445716	4.103009853
3.749032373	4.104488439
3.749703094	4.108240442
3.750486496	4.11630088
3.751323556	4.125021142
3.752162404	4.134643787
3.753001252	4.142745199
3.7538401	4.151896706
3.75453765	4.155779554
3.755181542	4.158556859
3.755879091	4.162830835
3.756607047	4.168157567
3.75738866	4.177467707
3.758143445	4.181990157
3.758898229	4.190228057
3.759653014	4.196252082
3.760407798	4.203476723
3.761133965	4.2084242
3.761972813	4.216317211
3.762725809	4.22276776
3.763480594	4.228172986
3.764095868	4.231233662
3.764766589	4.23540741
3.76543731	4.239642383
3.766192094	4.245593837
3.767086389	4.256567486
3.767785727	4.263332111
3.76856734	4.268780844
3.769350742	4.2750144
3.770076909	4.280314011
3.770803076	4.286486688
3.771502415	4.290947986
3.772284028	4.298089323
3.773094259	4.306258032
3.773877661	4.314699889
3.77457521	4.319978771
3.775245931	4.324566775
3.775973887	4.330064206
3.7767555	4.336166719
3.777594348	4.345407414
3.778293686	4.349493416
3.778964407	4.354902672
3.779635128	4.359620891
3.780332678	4.364371485
3.781087462	4.370153773
3.781870864	4.378291487
3.782707923	4.388302884
3.783518154	4.396176767
3.78438562	4.405477178
3.785083169	4.410994173
3.785698444	4.413822736
3.786369165	4.416777003
3.787179395	4.424481719
3.787989626	4.435539662
3.788717582	4.440527951
3.789415131	4.445602937
3.790085852	4.451342584
3.790813808	4.457302307
3.791595421	4.463901181
3.792489716	4.473808227
3.793189054	4.480254979
3.793915221	4.484951938
3.794670005	4.491982194
3.795396172	4.49940436
3.796122339	4.505558621
3.79693257	4.512964468
3.797771418	4.523039845
3.798442139	4.528227293
3.799168306	4.532362381
3.799896262	4.538226703
3.800566983	4.542268071
3.801264532	4.546706137
3.802047934	4.554156635
3.802829547	4.563183347
3.803584332	4.569817153
3.804394563	4.578096255
3.805149347	4.584462125
3.805875514	4.591402155
3.806630299	4.597620776
3.807469147	4.604610596
3.808223931	4.612381241
3.808755142	4.612872881
3.809481309	4.618578714
3.810180647	4.623160866
3.810933643	4.629935168
3.811745663	4.639729715
3.81261134	4.649958004
3.813337507	4.656556066
3.814176355	4.66478327
3.814902522	4.669957447
3.815546414	4.673785934
3.8161599	4.675328011
3.816859238	4.680442649
3.817753532	4.689783196
3.818563763	4.700728059
3.819234484	4.704475216
3.819960651	4.711305095
3.820659989	4.715607732
3.821441603	4.722784175
3.822253622	4.730366261
3.822951172	4.736255729
3.823621892	4.738823311
3.824432123	4.747384918
3.825160079	4.754475862
3.825830799	4.759882239
3.826556967	4.765542212
3.827367197	4.774419476
3.828232874	4.784284466
3.828932212	4.790436584
3.829686997	4.795073275
3.830273654	4.797639023
3.830915757	4.799603253
3.831643713	4.805858209
3.832453944	4.814356128
3.833235557	4.823462623
3.834129852	4.833264375
3.835052763	4.84671218
3.835834377	4.853965683
3.836562332	4.859686381
3.837315328	4.865960446
3.838043284	4.870767456
3.838769451	4.877408937
3.839384725	4.879261428
3.84013951	4.885697813
3.840892506	4.892225887
3.841620461	4.898969099
3.842318011	4.904787827
3.843101413	4.911391739
3.84382758	4.916117648
3.844693257	4.92500611
3.845337149	4.929477104
3.845952424	4.932227129
3.846678591	4.936928451
3.847433375	4.944427068
3.848354498	4.955362034
3.849109283	4.966025719
3.849808621	4.969535428
3.850506171	4.974976698
3.851289573	4.981144389
3.852099803	4.98854598
3.852770524	4.99414228
3.853496691	4.99889101
3.854251476	5.005766687
3.855090324	5.01548787
3.855789662	5.0214978
3.856458594	5.0252882
3.857157932	5.029856881
3.857941334	5.036842132
3.858891075	5.048444215
3.859590413	5.054371987
3.860261134	5.058633833
3.86087462	5.060760618
3.861573958	5.065985029
3.862328743	5.073868947
3.863167591	5.082697261
3.863977821	5.092384093
3.864872116	5.10209313
3.865709175	5.112900925
3.866379896	5.117238514
3.867023788	5.119107546
3.867721338	5.123883264
3.868449294	5.129286345
3.869202289	5.137745695
3.869874799	5.14119805
3.870627795	5.148891058
3.871382579	5.156434814
3.872165981	5.165099172
3.872836702	5.169573523
3.873730996	5.17897771
3.874541227	5.188026139
3.875240565	5.193285534
3.875798605	5.194342202
3.876497943	5.198955178
3.877252728	5.206547972
3.878034341	5.214303003
3.878844572	5.221759286
3.879570739	5.229012185
3.880354141	5.236220991
3.881135754	5.242965985
3.881890538	5.248439733
3.882618494	5.254435779
3.883260597	5.257842022
3.884015382	5.264372785
3.884741549	5.271083539
3.88555178	5.279954019
3.886277947	5.287381787
3.887005902	5.293203846
3.887732069	5.299335057
3.8885423	5.306915215
3.889436595	5.318920761
3.890107315	5.321945779
3.890749419	5.325552398
3.891448757	5.331005729
3.892174924	5.336683541
3.892929708	5.344170477
3.893768557	5.353761122
3.894634234	5.365906019
3.895444464	5.373850997
3.89617242	5.380753815
3.896814523	5.38328625
3.897456627	5.385881338
3.898129136	5.390258424
3.898910749	5.397241957
3.899692363	5.40770806
3.900391701	5.41218974
3.901146485	5.419298622
3.90190127	5.426907304
3.90259882	5.432573039
3.903353604	5.438475706
3.904303345	5.450158589
3.9050313	5.457460158
3.905702021	5.460576
3.906399571	5.465628843
3.907070292	5.470956897
3.907798247	5.477269664
3.90857986	5.484874303
3.909445537	5.495340934
3.910228939	5.50444953
3.91103917	5.511480028
3.911793955	5.518216559
3.912464675	5.52234257
3.913106779	5.525493852
3.913834734	5.530981349
3.91458773	5.538658163
3.915371132	5.544945478
3.916154534	5.553575196
3.916880701	5.55966104
3.917606868	5.56528052
3.918361653	5.570567724
3.919200501	5.578443218
3.920010732	5.588029959
3.920597389	5.587897813
3.921352173	5.593785441
3.922049723	5.599061932
3.922749061	5.603873647
3.923503845	5.610860603
3.924314076	5.619273793
3.925013414	5.624653685
3.925879091	5.632870089
3.926605258	5.638323562
3.927304597	5.641455703
3.927919871	5.642715105
3.928590592	5.645807278
3.929400823	5.652263051
3.930295117	5.663476971
3.931021284	5.667812266
3.931831515	5.675904253
3.932557682	5.68036806
3.933341084	5.68582475
3.934179932	5.692962124
3.934822035	5.695458939
3.935548202	5.697607593
3.936387051	5.706537964
3.937113218	5.712045422
3.937783938	5.713583299
3.938511894	5.716114517
3.939293507	5.721831667
3.940159184	5.729462389
3.940829905	5.731002916
3.941557861	5.732783912
3.94225541	5.733672811
3.942899302	5.733289761
3.943570023	5.733668008
3.944351637	5.737695895
3.945106421	5.742471758
3.945945269	5.746899843
3.9467555	5.753017244
