
1.000041	0.288505747
1.000856902	0.288752968
1.001549177	0.290046339
1.002406079	0.290697763
1.00329675	0.291475004
1.004320388	0.29165695
1.00517729	0.292945634
1.006266357	0.293957005
1.007123259	0.294901897
1.007849304	0.294824882
1.008640777	0.295694058
1.009596876	0.296090394
1.010519206	0.296593195
1.011344449	0.296835408
1.012201351	0.298541226
1.013058252	0.299085071
1.013883495	0.300435822
1.014708738	0.301555108
1.01553187	0.302500097
1.016456311	0.303125965
1.017313212	0.304550835
1.01836851	0.304574122
1.019159983	0.305045126
1.019951456	0.307099177
1.020842127	0.307484689
1.021798227	0.308418637
1.022918953	0.309462378
1.023678767	0.310457061
1.024567328	0.311315371
1.02542634	0.312165708
1.026317011	0.31273177
1.027273111	0.313790608
1.028096243	0.314278386
1.028887716	0.314579463
1.029778388	0.315976253
1.030734487	0.317335899
1.031625158	0.31826229
1.032450401	0.3188729
1.033307303	0.319375096
1.034231743	0.319958016
1.035287041	0.320760485
1.036143943	0.322157398
1.036836218	0.322491817
1.037528493	0.323124535
1.038385395	0.323689792
1.039276066	0.325162006
1.040331363	0.325372602
1.041222035	0.326907815
1.042178134	0.327747055
1.043035036	0.328675925
1.043925707	0.329016585
1.044816378	0.330918567
1.045607851	0.332190816
1.046464753	0.331981922
1.047289996	0.333447504
1.048214436	0.334223775
1.049102997	0.335833546
1.049993668	0.336601418
1.05085268	0.337178765
1.05180878	0.338694517
1.052864078	0.338913316
1.053754749	0.34016899
1.054478683	0.340766301
1.055204728	0.342153165
1.056061629	0.342127552
1.056920642	0.342952525
1.057876741	0.344174726
1.058932039	0.345187501
1.059689743	0.346043512
1.060614183	0.34658921
1.061570283	0.347450733
1.062427184	0.349074495
1.063184888	0.348773525
1.064010131	0.350511843
1.064932461	0.351305306
1.065856902	0.352467851
1.066813001	0.353519757
1.067638244	0.353486432
1.068461376	0.3541274
1.069286619	0.355322714
1.070308147	0.356523334
1.071232588	0.356892834
1.071990291	0.357946183
1.072781764	0.358210463
1.073607007	0.358794526
1.074497678	0.36057425
1.075453778	0.362254862
1.076409878	0.362948089
1.077332208	0.363692494
1.078322077	0.364398495
1.079212748	0.365443765
1.080004221	0.366394535
1.080696496	0.366629392
1.08148797	0.367332983
1.082477839	0.368540156
1.083400169	0.369601345
1.08429084	0.371213824
1.085116083	0.37168344
1.086006754	0.372987147
1.086929084	0.373928592
1.087984382	0.374604278
1.088940481	0.375183804
1.089601098	0.376162862
1.090392571	0.37712543
1.091217813	0.377661705
1.092106374	0.378847935
1.092997045	0.379596617
1.093921486	0.381426532
1.094943014	0.38253785
1.095768257	0.38364484
1.096724356	0.383853525
1.097615027	0.38561613
1.098372731	0.385629828
1.099229633	0.387067814
1.100154073	0.387266879
1.101044745	0.387896798
1.102000844	0.388423631
1.102923174	0.389826294
1.103748417	0.391006048
1.10457366	0.392250612
1.105464331	0.392376305
1.106452089	0.393426384
1.107243563	0.394344159
1.108003377	0.395697298
1.108894048	0.396142839
1.10971718	0.39777621
1.110607851	0.397967813
1.111563951	0.39882148
1.112520051	0.400251466
1.113410722	0.401019827
1.114400591	0.402016811
1.115192064	0.403007339
1.115884339	0.403257513
1.116610384	0.403969102
1.117467286	0.405370891
1.118556353	0.406408808
1.119512453	0.407592608
1.120403124	0.408238839
1.121260025	0.408873268
1.122085268	0.408787271
1.123007598	0.409704151
1.124062896	0.410153754
1.12478894	0.411388323
1.125679612	0.411390612
1.126635711	0.412322771
1.127458843	0.413012797
1.128284086	0.413963541
1.129140988	0.414472614
1.130130857	0.415615365
1.131186154	0.415613396
1.131977628	0.416619812
1.132735331	0.417093981
1.133429717	0.417545085
1.134286619	0.418121516
1.13517729	0.419624157
1.136165049	0.419205725
1.13705572	0.42025318
1.138111017	0.420708624
1.139001688	0.421757924
1.139793162	0.422050997
1.140650063	0.422630515
1.141574504	0.422644997
1.142465175	0.423237386
1.143256648	0.4235963
1.144014352	0.424403025
1.144871254	0.424589322
1.145696496	0.424895373
1.146553398	0.425872104
1.147509498	0.426293184
1.148533136	0.426673459
1.149554664	0.426590487
1.150544534	0.427751298
1.151236809	0.428273325
1.151962854	0.428808242
1.152785986	0.429247149
1.153775855	0.430676677
1.154864922	0.431680543
1.155656395	0.433039063
1.156479527	0.432948715
1.15730477	0.4329251
1.158195441	0.434057039
1.159117771	0.43473578
1.159909244	0.435699243
1.160700718	0.435996545
1.161591389	0.43739924
1.162547488	0.437358383
1.16343816	0.43849583
1.164263402	0.43914142
1.165154073	0.440347884
1.166076404	0.440897509
1.167100042	0.441150401
1.167923174	0.443139586
1.168649219	0.443213575
1.169375264	0.443892162
1.170232165	0.444688223
1.171122837	0.445295902
1.172144365	0.446492692
1.173134234	0.44808334
1.174189531	0.448283969
1.175145631	0.449324361
1.175970874	0.450653666
1.176827775	0.450102807
1.177585479	0.450934026
1.17850992	0.452033058
1.179335163	0.452552924
1.180291262	0.453665975
1.181082735	0.453766557
1.181874209	0.453731018
1.18276488	0.455228529
1.183720979	0.456072727
1.184807936	0.457444811
1.185666948	0.458321603
1.186424652	0.458478124
1.187182355	0.459384988
1.188041368	0.460331891
1.188898269	0.460253951
1.189820599	0.461431575
1.190875897	0.462319924
1.19166737	0.463175082
1.192492613	0.463290234
1.193414943	0.463854325
1.194305614	0.465504637
1.195065428	0.465869471
1.195856902	0.466315464
1.196747573	0.467556897
1.197703672	0.469031771
1.198659772	0.469612854
1.199550443	0.4706512
1.200441114	0.470793688
1.201329675	0.471004083
1.202319544	0.472221366
1.203176446	0.473456846
1.20393626	0.474101796
1.204693964	0.474954057
1.205485437	0.475751063
1.20631068	0.476284734
1.207266779	0.47735606
1.208288307	0.477829416
1.20914732	0.478794542
1.210103419	0.479312228
1.211025749	0.480512746
1.211882651	0.480852748
1.212642465	0.48185115
1.213433938	0.482723547
1.214390038	0.484011202
1.215312368	0.484169272
1.216236809	0.48565594
1.21709371	0.485508474
1.217918953	0.486957595
1.218742085	0.487777005
1.219700295	0.488581095
1.220755593	0.489424771
1.221547066	0.490233515
1.222338539	0.490691649
1.223130013	0.49122026
1.223986914	0.491986464
1.224843816	0.492753259
1.225833685	0.493503734
1.226920642	0.49401184
1.227779654	0.496051205
1.228701984	0.496988768
1.229558886	0.498748656
1.230350359	0.499352542
1.231209371	0.500621052
1.232165471	0.50185958
1.233056142	0.503143598
1.233978472	0.504016379
1.234803715	0.504211517
1.235595188	0.504534702
1.236452089	0.50445824
1.237308991	0.505803382
1.238364289	0.506519462
1.239155762	0.507056841
1.239915576	0.508365386
1.240738708	0.509772473
1.241563951	0.511253202
1.242454622	0.512119802
1.243410722	0.513299955
1.244366821	0.51412374
1.245291262	0.51557921
1.24631279	0.515214247
1.247203461	0.517589436
1.247895737	0.517733294
1.248621781	0.51796276
1.249478683	0.518533653
1.250599409	0.519933111
1.25149008	0.520447254
1.252315323	0.522661717
1.253106796	0.523280114
1.253929928	0.524776881
1.254854369	0.524803175
1.255909667	0.525461056
1.25670114	0.526947788
1.257591811	0.528694488
1.258514141	0.528865253
1.259305614	0.530572957
1.260065428	0.530675831
1.26092233	0.531906316
1.26184466	0.53265799
1.262868299	0.533670724
1.263691431	0.533873317
1.264550443	0.534890302
1.265341916	0.535952294
1.266165049	0.536955856
1.26705572	0.538498681
1.268077248	0.538787074
1.268967919	0.541061666
1.270056986	0.540869096
1.270913888	0.541526182
1.271673702	0.542142271
1.272530604	0.543823998
1.273486703	0.54511086
1.274377374	0.545199148
1.275135078	0.545230171
1.275960321	0.546169682
1.276850992	0.546257401
1.277707894	0.547064587
1.278564795	0.548019324
1.279520895	0.549164485
1.280576192	0.549911799
1.281532292	0.551353491
1.282422963	0.552842221
1.283115238	0.553214398
1.283841283	0.553601215
1.284666526	0.555064537
1.285557197	0.555597133
1.286644154	0.556806349
1.287469396	0.557607435
1.288294639	0.55818697
1.289117771	0.559580835
1.290008442	0.560412288
1.290932883	0.56133323
1.291821444	0.562610511
1.292646686	0.562449889
1.293537358	0.564101234
1.294459688	0.564057089
1.295251161	0.565444127
1.296076404	0.566251311
1.297032503	0.567936244
1.298022372	0.568518879
1.29907767	0.568607789
1.299968341	0.570940119
1.300726045	0.571422407
1.301452089	0.572414531
1.302308991	0.573090801
1.303165893	0.574965779
1.304155762	0.576152031
1.305012664	0.576905598
1.306002533	0.578318938
1.306893204	0.579464429
1.307750106	0.580069846
1.308609118	0.581578983
1.30943225	0.581944804
1.310356691	0.583635882
1.311213592	0.584469691
1.312104263	0.58509293
1.312895737	0.586879485
1.313752638	0.587866554
1.314643309	0.589020646
1.315633179	0.589766597
1.316720135	0.590859242
1.317610806	0.592546239
1.318370621	0.592660632
1.319094555	0.59427484
1.319953567	0.595572153
1.320776699	0.595943555
1.32170114	0.597727946
1.322756437	0.597901114
1.323514141	0.599993077
1.324470241	0.600578747
1.325327142	0.602033663
1.326186154	0.603338483
1.326977628	0.603622294
1.327769101	0.604974335
1.328659772	0.606754629
1.329582102	0.607405065
1.330571971	0.608163154
1.331494301	0.610344744
1.332353314	0.610891652
1.333176446	0.61157554
1.334166315	0.613256448
1.335056986	0.613435667
1.335848459	0.615334793
1.336639932	0.6162371
1.337463065	0.617154652
1.338322077	0.618627843
1.339212748	0.619347413
1.340234276	0.621360339
1.341124947	0.622004501
1.342146475	0.622786818
1.343037146	0.623354482
1.343862389	0.625127711
1.344554664	0.625372465
1.345377797	0.629080101
1.346433094	0.629109256
1.347357535	0.630547839
1.348248206	0.630344779
1.349071338	0.63134988
1.349862811	0.633271846
1.350654285	0.634419395
1.351644154	0.636515643
1.352667792	0.636997695
1.353425496	0.639454655
1.354250739	0.640233711
1.355139299	0.641510483
1.35602997	0.642321783
1.356920642	0.643679481
1.357876741	0.645537724
1.358932039	0.646586112
1.359723512	0.648603744
1.360582524	0.648309753
1.361373997	0.650329923
1.362131701	0.651318147
1.362988603	0.65251121
1.363944702	0.653439255
1.364900802	0.654446402
1.365859012	0.655062842
1.366682144	0.656635789
1.367507387	0.658053986
1.368330519	0.659786957
1.36922119	0.661790242
1.37021106	0.662268679
1.371036302	0.662588751
1.371760236	0.664594183
1.372650908	0.665972354
1.37347615	0.667635706
1.374366821	0.669016493
1.375289152	0.670018744
1.376279021	0.671054667
1.377135922	0.672263938
1.378224989	0.674221328
1.379115661	0.674815559
1.379873364	0.675424221
1.380599409	0.676414366
1.381456311	0.677866321
1.382577037	0.680005418
1.383436049	0.682256594
1.384259181	0.683298972
1.385050654	0.684167263
1.385909667	0.684989835
1.386831997	0.686322432
1.387887294	0.688360192
1.388613339	0.689837569
1.389470241	0.691301372
1.390360912	0.692223941
1.391186154	0.693994013
1.392009287	0.695204638
1.392899958	0.696770186
1.393790629	0.698737681
1.394845927	0.698785744
1.395671169	0.700562758
1.396528071	0.700912623
1.397285775	0.702417165
1.398077248	0.704020278
1.398934149	0.705898956
1.399924019	0.706881174
1.40078092	0.708199411
1.401804559	0.709925389
1.402726889	0.71111804
1.403585901	0.713247502
1.404474462	0.714748354
1.405365133	0.71536316
1.406388772	0.716369177
1.407180245	0.718713266
1.408003377	0.719457358
1.408894048	0.721369947
1.409818489	0.722734536
1.41067539	0.723903481
1.411532292	0.72596566
1.412422963	0.727154305
1.413412832	0.728882376
1.414335163	0.730008281
1.415061207	0.730627005
1.415721824	0.732676725
1.416544956	0.733428362
1.417469396	0.733907
1.418590122	0.73693311
1.419381596	0.738323151
1.420173069	0.737673804
1.420998312	0.740225787
1.421954411	0.741949661
1.422876741	0.742594465
1.423767412	0.745268597
1.424592655	0.746109935
1.425449557	0.747296026
1.426340228	0.748254805
1.42719713	0.750262767
1.428054031	0.750877375
1.428944702	0.75249542
1.429934572	0.753756316
1.430924441	0.754935998
1.431747573	0.757674233
1.432572816	0.757946284
1.43329886	0.76022501
1.434189531	0.762016219
1.435078092	0.761993477
1.436067961	0.765160119
1.436924863	0.767681237
1.437948501	0.768971885
1.438870832	0.769217039
1.439696074	0.769161765
1.440521317	0.771589579
1.441344449	0.772361819
1.442201351	0.774644473
1.443026593	0.77467307
1.443982693	0.776846091
1.444807936	0.778286482
1.445698607	0.779680214
1.446620937	0.782588671
1.447644576	0.78422401
1.448666104	0.787275096
1.449491347	0.788806526
1.45024905	0.789718951
1.450941325	0.79051286
1.451766568	0.792297433
1.45262347	0.794351282
1.453480371	0.79657407
1.454535669	0.797821174
1.455360912	0.799528446
1.456350781	0.801997309
1.457273111	0.803258989
1.458130013	0.802306709
1.458955255	0.80200615
1.459746729	0.805713079
1.4606374	0.810737702
1.461593499	0.816560368
1.462583369	0.816609047
1.46344027	0.818769599
1.464297172	0.817818386
1.465154073	0.819054809
1.466177712	0.819289994
1.467034614	0.823141318
1.467792317	0.823060324
1.468552132	0.826187173
1.469343605	0.828236901
1.470135078	0.829781414
1.47099198	0.832209486
1.47191642	0.832901671
1.472804981	0.835266641
1.473763191	0.837504048
1.47475095	0.840269018
1.475576192	0.842180872
1.476367666	0.843650787
1.477258337	0.845008749
1.478345293	0.848179371
1.479303504	0.851194637
1.480160405	0.853133834
1.481051076	0.856200734
1.481907978	0.858058786
1.482733221	0.859473981
1.483754749	0.862794859
1.484744618	0.865247726
1.485436893	0.866419484
1.486228366	0.868504025
1.487051499	0.870950679
1.487910511	0.872052379
1.488767412	0.875292565
1.489723512	0.878080709
1.49074504	0.880310649
1.491604052	0.883389641
1.492526382	0.885136767
1.493317856	0.886636021
1.4940439	0.888870256
1.494835374	0.890629788
1.495726045	0.893137563
1.496682144	0.895772865
1.497672014	0.898603208
1.498628113	0.900641045
1.499485015	0.903224278
1.500276488	0.90533926
1.501200929	0.907881458
1.502188687	0.910723475
1.50298016	0.912758124
1.503706205	0.914581768
1.504563107	0.917351149
1.50538835	0.919584642
1.506245251	0.922012539
1.507169692	0.924657268
1.50819122	0.928231022
1.509115661	0.931488632
1.510137189	0.93402853
1.51099409	0.937076852
1.511686366	0.938722482
1.51241241	0.940650983
1.513269312	0.942836357
1.514259181	0.94684712
1.515183622	0.950037547
1.516040523	0.952056023
1.516931195	0.955492293
1.517887294	0.958624338
1.518877163	0.961693661
1.519833263	0.965181469
1.520491769	0.967609503
1.52138244	0.970187331
1.522372309	0.974930726
1.523195441	0.977471281
1.524020684	0.979402258
1.524877585	0.982143856
1.525901224	0.985083244
1.526922752	0.988375342
1.527680456	0.991938724
1.528471929	0.994121656
1.529166315	0.996330949
1.529957788	0.998693135
1.53081469	1.001275976
1.531804559	1.004036264
1.532661461	1.007592784
1.533748417	1.011392491
1.534706627	1.016081629
1.535529759	1.018479825
1.536386661	1.02169713
1.537311102	1.024520663
1.538168003	1.027390146
1.538993246	1.029798757
1.539784719	1.03369111
1.540641621	1.035683048
1.541498523	1.038562482
1.542422963	1.042997045
1.543313634	1.046171513
1.544301393	1.050834971
1.545291262	1.053995213
1.546247362	1.05820193
1.546907978	1.060698798
1.547665682	1.062997274
1.548522583	1.066077703
1.549512453	1.070499379
1.550633179	1.075551255
1.551392993	1.077950648
1.552184466	1.0801955
1.553007598	1.082999666
1.55386661	1.085920574
1.55478894	1.089513882
1.555645842	1.093064716
1.556471085	1.095075806
1.557361756	1.099909116
1.558317856	1.103360689
1.559174757	1.10692447
1.56003377	1.110403347
1.5609561	1.114109989
1.56188054	1.118539851
1.562868299	1.121762195
1.563693542	1.126128952
1.564419586	1.128270195
1.56514352	1.12987171
1.566067961	1.133689198
1.566958632	1.138656606
1.56798016	1.142643013
1.568904601	1.147284031
1.56989236	1.151164173
1.570683833	1.154633156
1.571542845	1.158245141
1.572399747	1.161858824
1.573224989	1.164909814
1.57411355	1.168643611
1.574938793	1.17233375
1.575863233	1.175738879
1.576720135	1.180818395
1.577577037	1.185449411
1.578501477	1.189954246
1.579423808	1.194552719
1.580445336	1.19895853
1.581336007	1.202542416
1.58212748	1.205599325
1.582887294	1.208270635
1.583744196	1.211200231
1.584601098	1.215407256
1.585525538	1.218394366
1.586547066	1.22364722
1.587403968	1.228413473
1.588360068	1.232713469
1.589250739	1.236875489
1.590075981	1.2406248
1.590833685	1.242770246
1.591692697	1.247374806
1.592615027	1.252216448
1.593571127	1.25690633
1.594428029	1.261430819
1.595219502	1.264257295
1.596044745	1.268672119
1.596969185	1.274087714
1.597990713	1.278668086
1.598881385	1.283240146
1.599639088	1.286054667
1.600365133	1.287190232
1.601122837	1.291112329
1.601981849	1.295763939
1.602969607	1.301445497
1.604058675	1.307400007
1.605014774	1.311961215
1.605970874	1.316526928
1.606796117	1.319419708
1.60758759	1.321640257
1.608345293	1.324758893
1.609136767	1.328647582
1.610092866	1.333786125
1.611017307	1.340014568
1.611973407	1.345905152
1.612929506	1.351060204
1.613786408	1.355766075
1.61464542	1.360199573
1.615633179	1.365024331
1.616589278	1.369827145
1.617349092	1.371865245
1.618140566	1.37681443
1.618963698	1.380399162
1.61978894	1.385478092
1.620645842	1.389936661
1.621601942	1.395509625
1.622591811	1.40214313
1.623417054	1.406681547
1.624406923	1.411273532
1.625295483	1.416062042
1.626086957	1.420022489
1.626846771	1.422181967
1.627669903	1.427111037
1.628594344	1.431571867
1.629550443	1.437282221
1.630474884	1.44259545
1.631331786	1.448228856
1.632222457	1.452021345
1.633113128	1.457318824
1.634134656	1.463395759
1.634926129	1.467581104
1.635652174	1.469924888
1.636509076	1.475397579
1.637365977	1.479745977
1.638256648	1.484881931
1.639246518	1.492091169
1.640202617	1.497580401
1.641059519	1.501097891
1.642015618	1.506973989
1.642840861	1.510752679
1.643598565	1.513338656
1.64432461	1.516653199
1.645149852	1.521669064
1.64617138	1.528195765
1.647095821	1.534165631
1.648018151	1.539665693
1.648875053	1.544541062
1.649734065	1.5490434
1.650622626	1.553292809
1.651612495	1.557641439
1.652338539	1.560700224
1.653229211	1.564296881
1.654151541	1.570398236
1.655042212	1.57523874
1.655867455	1.579354958
1.656758126	1.582775306
1.657779654	1.58927715
1.658868721	1.595946114
1.659691853	1.599885716
1.660483326	1.603607001
1.661175602	1.60666231
1.662000844	1.611090129
1.662891515	1.616827509
1.663847615	1.621773308
1.664672858	1.626595858
1.665694386	1.633912171
1.666618827	1.638554498
1.667475728	1.642176096
1.668366399	1.646792696
1.669288729	1.651444609
1.670113972	1.655428487
1.670871676	1.659252396
1.671696919	1.664010956
1.672686788	1.670187371
1.673609118	1.676783204
1.674466019	1.681876013
1.675291262	1.687037557
1.676181933	1.691787765
1.677072604	1.697313136
1.678060363	1.703327709
1.678786408	1.706283771
1.679512453	1.708855659
1.680270156	1.712040782
1.681160827	1.716523176
1.682281553	1.724435275
1.683140566	1.730926281
1.683997467	1.735485206
1.684854369	1.740047874
1.68577881	1.746428093
1.68670114	1.75126108
1.687492613	1.754798353
1.688383284	1.759702923
1.689339384	1.766621806
1.690295483	1.774615971
1.691154496	1.780085896
1.691945969	1.78480852
1.692834529	1.790902185
1.69379274	1.79688047
1.694780498	1.803577614
1.695571971	1.808707549
1.696331786	1.811565359
1.697024061	1.814060203
1.697914732	1.819988946
1.698870832	1.826188508
1.699991558	1.835502379
1.700915998	1.84295226
1.701838328	1.84698362
1.70269523	1.851729991
1.703554242	1.856874124
1.704442803	1.860977263
1.705268046	1.866876494
1.706192486	1.872595282
1.707081047	1.878279692
1.708005488	1.885186517
1.708796961	1.889988363
1.709622203	1.89375048
1.710445336	1.899675639
1.711302237	1.904561369
1.712292106	1.911075443
1.713182778	1.916500159
1.713974251	1.919848169
1.714700295	1.923420711
1.715523428	1.927301837
1.71638244	1.931522101
1.717338539	1.938125109
1.718493035	1.949304427
1.719383706	1.953773255
1.720272267	1.958836461
1.721131279	1.962386405
1.721988181	1.965342717
1.722779654	1.968028229
1.723636556	1.971681724
1.724560996	1.977199271
1.725483326	1.983215002
1.726373997	1.988802688
1.727230899	1.992470035
1.728056142	1.997791802
1.728946813	2.002100537
1.729968341	2.009248862
1.730825243	2.013526699
1.731585057	2.015704329
1.73237653	2.017621286
1.733199662	2.022066273
1.734024905	2.02701532
1.734949346	2.034178253
1.736004643	2.042898338
1.736893204	2.048635588
1.737817645	2.054020556
1.738642887	2.059092757
1.739499789	2.062606876
1.740257493	2.066305735
1.741082735	2.070587646
1.742038835	2.076530315
1.742895737	2.081458242
1.743752638	2.086891088
1.74461165	2.091027355
1.745533981	2.097850954
1.746390882	2.104300646
1.747349092	2.110978464
1.74840439	2.118583802
1.749162094	2.122517727
1.750018995	2.127178262
1.750875897	2.131842342
1.75170114	2.137377408
1.752591811	2.142493127
1.75358168	2.151160975
1.754668637	2.160561813
1.755394681	2.16256554
1.756251583	2.166750157
1.757110595	2.171041419
1.757868299	2.174705345
1.758693542	2.18027462
1.759582102	2.185623447
1.760472773	2.193103899
1.761462642	2.200917202
1.762387083	2.208250758
1.763275644	2.2152417
1.764134656	2.221390248
1.764991558	2.225918089
1.765981427	2.23285008
1.766804559	2.238358603
1.767663571	2.243510477
1.768520473	2.249984926
1.769343605	2.253269249
1.770202617	2.258737845
1.771190376	2.267021888
1.772180245	2.274196131
1.773070916	2.280739841
1.773927818	2.287245436
1.774719291	2.290407839
1.775479105	2.294245529
1.776236809	2.297062108
1.77709371	2.303583255
1.778149008	2.312615635
1.779073449	2.321690851
1.77993035	2.326389427
1.780755593	2.333301538
1.781612495	2.339748685
1.782568594	2.346229077
1.783558463	2.354399675
1.784284508	2.36048535
1.78514141	2.365620151
1.786097509	2.376125583
1.786988181	2.381521202
1.787779654	2.388021535
1.788636556	2.395128261
1.789658084	2.40544446
1.790681722	2.415156245
1.791473195	2.420136146
1.792296328	2.425574363
1.792990713	2.428884144
1.793813846	2.4343291
1.794670747	2.441783636
1.795759814	2.452966624
1.796684255	2.46279978
1.797705783	2.474531679
1.798562685	2.482326602
1.799322499	2.485753691
1.800113972	2.488398929
1.801036302	2.495470357
1.801861545	2.501066669
1.802718447	2.506814686
1.803575348	2.513292613
1.804531448	2.522299388
1.80539046	2.529621806
1.80631279	2.537765659
1.80726889	2.546898876
1.808159561	2.555116511
1.809050232	2.561053699
1.810006332	2.570417038
1.810698607	2.573273285
1.811424652	2.577844668
1.812216125	2.583657782
1.813106796	2.591179695
1.814193753	2.601178491
1.815052765	2.610337953
1.815943436	2.61683711
1.816800338	2.624336764
1.817691009	2.630533178
1.818613339	2.638766148
1.819404812	2.644829041
1.820261714	2.653188367
1.821219924	2.661597784
1.822275222	2.674136523
1.823098354	2.680164132
1.823889827	2.686778393
1.824746729	2.695381633
1.825704939	2.704771374
1.826726467	2.715943316
1.82751794	2.721321254
1.828210215	2.725083916
1.828902491	2.729689522
1.829793162	2.737643987
1.830717602	2.74712854
1.831804559	2.759813593
1.832760659	2.770523195
1.833784297	2.781450297
1.834706627	2.790546603
1.83553187	2.796654334
1.836323343	2.802503815
1.837114816	2.807090323
1.838037146	2.814626423
1.83882862	2.822707611
1.839784719	2.83221112
1.84067539	2.841304616
1.841534403	2.850568253
1.842391304	2.859094828
1.843347404	2.868735882
1.844402702	2.88108422
1.845259603	2.888997822
1.845985648	2.894484278
1.846711693	2.898912826
1.847568594	2.907903076
1.848393837	2.915257016
1.849349937	2.926224279
1.850371465	2.938687647
1.851228366	2.946219306
1.852152807	2.95652553
1.852975939	2.964016053
1.853801182	2.969597721
1.854592655	2.975875111
1.855417898	2.983597286
1.856405656	2.995641266
1.857330097	3.00620618
1.858220768	3.015550565
1.8590439	3.02308317
1.859869143	3.032655594
1.860759814	3.041165954
1.861749683	3.051022542
1.862737442	3.0644172
1.863497256	3.069522693
1.86425496	3.076020684
1.865080203	3.084028022
1.865937104	3.091557516
1.866893204	3.102905256
1.867916843	3.116093229
1.868805403	3.125845543
1.869729844	3.136525541
1.870652174	3.145920915
1.871443647	3.152629666
1.872203461	3.158321161
1.872994935	3.164607936
1.873917265	3.173920443
1.874807936	3.186634753
1.875664837	3.193804472
1.87652385	3.202816396
1.877414521	3.213507855
1.878303081	3.224096444
1.879425918	3.237905215
1.880512875	3.254692254
1.881304348	3.259846327
1.88216336	3.267067814
1.882986492	3.278019761
1.883777965	3.282428973
1.884668637	3.295137314
1.885624736	3.30677892
1.886580836	3.318755908
1.887273111	3.323010707
1.888064584	3.328419141
1.888923596	3.337532589
1.8896813	3.344192889
1.890538202	3.353532276
1.891462642	3.363107542
1.892418742	3.374160865
1.893408611	3.387460349
1.894299282	3.398851931
1.895122415	3.405665677
1.895947657	3.412378896
1.896838328	3.421612909
1.897992824	3.437003212
1.898784297	3.446402625
1.899542001	3.449852113
1.900398902	3.458398348
1.901224145	3.466019029
1.902146475	3.477320531
1.903102575	3.490990114
1.904027016	3.503300282
1.904917687	3.513697308
1.905840017	3.5256945
1.906699029	3.534954252
1.907456733	3.541072838
1.908182778	3.545929996
1.909073449	3.557898494
1.910061207	3.572473099
1.910951878	3.584682144
1.91180878	3.594640003
1.912667792	3.605928406
1.913524694	3.615351972
1.914447024	3.627216956
1.915502322	3.641215793
1.916228366	3.64744158
1.917152807	3.65702407
1.918108907	3.673839973
1.918932039	3.678945625
1.919691853	3.687021956
1.920548755	3.693855438
1.921538624	3.710778209
1.92262558	3.7305566
1.923417054	3.739609134
1.924208527	3.748114919
1.924934572	3.752958644
1.925791473	3.761823355
1.926650485	3.770920054
1.927638244	3.785039554
1.928497256	3.797366264
1.929584213	3.813368524
1.930508653	3.828287419
1.931266357	3.834784634
1.931992402	3.840223518
1.932883073	3.851658321
1.933739975	3.863812511
1.934630646	3.876377175
1.935453778	3.885367843
1.936344449	3.89572472
1.937169692	3.903062934
1.938060363	3.914659168
1.938982693	3.928668669
1.939972562	3.944945355
1.940897003	3.957868245
1.941884762	3.973386389
1.942644576	3.981974795
1.943436049	3.990410329
1.944292951	4.001891249
1.94524905	4.016492105
1.946437315	4.037738787
1.947228789	4.048109596
1.948020262	4.058599456
1.948777965	4.067794006
1.949700295	4.079243635
1.950590967	4.091196398
1.95138244	4.099248905
1.952207683	4.109509368
1.953098354	4.120925279
1.954020684	4.135224347
1.954879696	4.147827787
1.955702828	4.159128015
1.956627269	4.173013675
1.957615027	4.190871251
1.958604897	4.206047734
1.959430139	4.214463963
1.960156184	4.222897397
1.960913888	4.229601099
1.961838328	4.244335749
1.962726889	4.259906952
1.963782187	4.278562224
1.964641199	4.291499005
1.965597298	4.306578495
1.9664542	4.319644393
1.967279443	4.330276015
1.968136344	4.34155042
1.968959477	4.352418871
1.969883917	4.366009958
1.970740819	4.380707666
1.971696919	4.39405123
1.972555931	4.407982314
1.973412832	4.420217916
1.974235965	4.432953973
1.975160405	4.446381211
1.976215703	4.464543854
1.977072604	4.476933201
1.977832419	4.484905512
1.978556353	4.493824544
1.979447024	4.505175922
1.980371465	4.519685703
1.981327564	4.535532081
1.982349092	4.554959716
1.983174335	4.568253479
1.984130435	4.583797426
1.984955678	4.594373848
1.985747151	4.604194428
1.986504854	4.612344604
1.987361756	4.624727866
1.988317856	4.642150837
1.989176868	4.654788191
1.99003377	4.668802215
1.990890671	4.681567971
1.991781342	4.69602516
1.992672014	4.711295055
1.99379274	4.731247254
1.994683411	4.747575791
1.995441114	4.754081115
1.996266357	4.765799108
1.997123259	4.780355552
1.99801393	4.794544462
1.99897003	4.811199188
1.999926129	4.829017034
2.000751372	4.841358377
2.001642043	4.855707508
2.002498945	4.867683642
2.003290418	4.878818089
2.004016463	4.886344968
2.004873364	4.899150033
2.005863233	4.919206661
2.006785564	4.936461821
2.007710004	4.950620559
2.008600675	4.963898715
2.009457577	4.977334029
2.01024905	4.987959339
2.01120515	5.005242334
2.012161249	5.02450541
2.012952723	5.035736728
2.013811735	5.050616684
2.014700295	5.063613409
2.015590967	5.079405075
2.016515407	5.09761188
2.017437737	5.11582789
2.018427607	5.134346224
2.01918531	5.144860962
2.020075981	5.158740013
2.020901224	5.173623278
2.021658928	5.183696153
2.022515829	5.200190413
2.023505699	5.220063235
2.024430139	5.236991347
2.025386239	5.252618048
2.02627691	5.269717399
2.027167581	5.285198697
2.027990713	5.299349526
2.028815956	5.312466241
2.029672858	5.326024886
2.0304981	5.3403267
2.031289574	5.34999647
2.032211904	5.369594384
2.033068805	5.386113375
2.033959477	5.402383401
2.034949346	5.420216229
2.035905445	5.441366824
2.036762347	5.457001371
2.037785986	5.480356046
2.038609118	5.495691833
2.039335163	5.502454437
2.040094977	5.513180805
2.040951878	5.527578004
2.042040946	5.552004198
2.042963276	5.575763391
2.043853947	5.589823082
2.04461165	5.601883403
2.045403124	5.613338504
2.046228366	5.629597594
2.047119038	5.645695474
2.047910511	5.66047173
2.048832841	5.67632671
2.04985648	5.701664017
2.05077881	5.720612131
2.051635711	5.738094936
2.052593921	5.757290019
2.053714648	5.787108212
2.054736176	5.815021465
2.05546222	5.822510194
2.056154496	5.830852372
2.05688054	5.840240408
2.057737442	5.857456063
2.058659772	5.876645453
2.059683411	5.900874599
2.060506543	5.916022176
2.061464753	5.941046638
2.062353314	5.957356451
2.063113128	5.970222541
2.06393626	5.983635899
2.06489447	6.003383992
2.0658168	6.024942826
2.066642043	6.041127255
2.067498945	6.055039007
2.068355846	6.073833927
2.069181089	6.086959955
2.070004221	6.104965898
2.070928662	6.125902197
2.071918531	6.151335597
2.072840861	6.16979891
2.073796961	6.192310051
2.074523005	6.200677728
2.075314479	6.213062174
2.07617138	6.232213067
2.07712748	6.253944342
2.078216547	6.282185859
2.078974251	6.294751691
2.079833263	6.310500993
2.080624736	6.326055807
2.081515407	6.343597645
2.082403968	6.361026052
2.083229211	6.372885497
2.084086112	6.389640335
2.085010553	6.408291917
2.085932883	6.429348647
2.086758126	6.445564108
2.087583369	6.462390262
2.088471929	6.481584635
2.089461798	6.502789385
2.090485437	6.530844705
2.091373997	6.549245848
2.092133812	6.561725202
2.092859856	6.572061067
2.093782187	6.590720928
2.094706627	6.615179837
2.095761925	6.644408424
2.096650485	6.664697606
2.097640355	6.688941096
2.098431828	6.704730889
2.099223301	6.718721013
2.100113972	6.735813825
2.100871676	6.750680245
2.101762347	6.767312384
2.10258759	6.788699471
2.103543689	6.809678674
2.104368932	6.826500251
2.105225834	6.843556829
2.106082735	6.86377205
2.107007176	6.885069771
2.108062474	6.914808373
2.108984804	6.934196587
2.109776277	6.945771508
2.110536091	6.9572488
2.111392993	6.976576364
2.112249894	6.99482478
2.113205994	7.018029976
2.114261292	7.04899575
2.115052765	7.061723585
2.115909667	7.081609163
2.116768679	7.098474276
2.11762558	7.115952166
2.118417054	7.129812615
2.119273955	7.146946921
2.120230055	7.172470201
2.121186154	7.196063076
2.122076826	7.217378418
2.122935838	7.233232825
2.123824398	7.252860321
2.124683411	7.271179486
2.12563951	7.290699194
2.126530182	7.310130821
2.127321655	7.317741972
2.128113128	7.328047481
2.12897003	7.347148985
2.129860701	7.36393217
2.130751372	7.384767901
2.1317729	7.410851204
2.132598143	7.428182508
2.133554242	7.447575722
2.134444913	7.468962497
2.135268046	7.481414736
2.13599409	7.490833068
2.136751794	7.504174059
2.137741663	7.52718497
2.138632334	7.550969969
2.139556775	7.572186538
2.140479105	7.591319861
2.141336007	7.609619002
2.142195019	7.627814758
2.143182778	7.649314944
2.144138877	7.675401048
2.144864922	7.682930804
2.145721824	7.697468749
2.146580836	7.715971171
2.147403968	7.731271355
2.148294639	7.748923456
2.149284508	7.777198345
2.150405234	7.809802182
2.151196707	7.822443568
2.152121148	7.843244734
2.15297805	7.860225897
2.153704095	7.869560496
2.154461798	7.880996494
2.155417898	7.903694457
2.156373997	7.929507693
2.157429295	7.958558285
2.158254538	7.976238969
2.159012241	7.988221212
2.159772056	8.002327841
2.160628957	8.020403699
2.161618827	8.045197426
2.162475728	8.067152988
2.163233432	8.076817421
2.164124103	8.099172268
2.165014774	8.121293926
2.165939215	8.145176241
2.166895314	8.169195336
2.167817645	8.194350696
2.168609118	8.205817489
2.169565217	8.231006247
2.170455889	8.25272193
2.171215703	8.264595312
2.171973407	8.279088287
2.172895737	8.301585625
2.174018573	8.335112244
2.174909244	8.36215106
2.175732377	8.375944439
2.176557619	8.391505249
2.177479949	8.410704018
2.178436049	8.434929421
2.179425918	8.459429176
2.180151963	8.465505013
2.181042634	8.485634666
2.181964964	8.510164961
2.182756437	8.525294683
2.183516252	8.535791692
2.184307725	8.549179579
2.185198396	8.569996468
2.186219924	8.595488001
2.187110595	8.611685121
2.188032925	8.631538392
2.18875897	8.641069465
2.189584213	8.655275387
2.190441114	8.674524475
2.191430984	8.700484782
2.192321655	8.719140411
2.193343183	8.74727951
2.194200084	8.762424544
2.195025327	8.773541463
2.195882229	8.78845072
2.196838328	8.808690422
2.197729	8.825523915
2.198520473	8.839568522
2.199377374	8.852873135
2.200268046	8.87150605
2.201093288	8.887736399
2.202015618	8.904748677
2.20290629	8.923542926
2.203862389	8.941728339
2.204852258	8.960063402
2.205842127	8.98031291
2.206500633	8.979950336
2.207226678	8.987344994
2.208051921	9.002506859
2.208974251	9.020359048
2.210063318	9.047160923
2.21088645	9.056502449
2.211745462	9.067520836
2.212536935	9.078140772
2.213427607	9.090190996
2.214349937	9.10186907
2.215206838	9.113411857
2.216097509	9.125991434
2.217053609	9.137701125
2.21794428	9.146470795
2.218735753	9.151137361
2.219527227	9.156697841
2.220384128	9.169931233
2.221373997	9.182572846
2.222429295	9.196386878
2.223319966	9.199561357
2.224046011	9.200264817
2.224772056	9.202373241
2.225628957	9.215127161
2.226519629	9.223805424
2.227606585	9.237013949
2.228497256	9.237633425
2.229487125	9.244811815
2.230377797	9.245044149
2.2311355	9.241901792
2.231960743	9.247629071
2.232752216	9.254501298
2.233642887	9.262557617
2.234499789	9.268037343
2.235455889	9.274315499
2.236281131	9.277996257
