1.001509569	0.000311226
1.00340905	7.99529E-06
1.004471472	0.000120056
1.005197639	0.000208248
1.00600787	0.000344688
1.006651762	0.000312824
1.007461992	0.000248855
1.008159542	0.000329359
1.008942944	0.000297457
1.009724557	0.000281596
1.010647469	0.000273801
1.011402254	0.000265946
1.012101592	0.000241937
1.012688249	0.000346977
1.01335897	0.000444102
1.014085137	0.000395938
1.014839921	0.000493269
1.015650152	0.000364177
1.016404937	0.000234866
1.017159721	0.000405243
1.018025398	0.000397476
1.018780182	0.000284122
1.019422286	0.00036553
1.020066178	0.000349505
1.020847791	0.00038231
1.021631193	0.000374462
1.022412806	0.000325869
1.023138973	0.00035871
1.023838312	0.000310007
1.024564479	0.000269407
1.025374709	0.000285961
1.026269004	0.00041705
1.026884278	0.000343658
1.027499553	0.000483048
1.028170274	0.000401437
1.028840994	0.000336115
1.029567162	0.000385575
1.030377392	0.000402299
1.031244858	0.000377986
1.032026471	0.000468729
1.032949383	0.000403303
1.033704167	0.000337704
1.034346271	0.000403848
1.035045609	0.000395874
1.035882669	0.000445718
1.036721517	0.000280865
1.037420855	0.00044638
1.038175639	0.00043016
1.038873189	0.000496672
1.03954391	0.000414161
1.040271865	0.000472474
1.041137542	0.000439684
1.041836881	0.000481486
1.042450367	0.000589753
1.043149705	0.000465469
1.043875872	0.000607195
1.044630656	0.000432835
1.045414058	0.00051646
1.046308353	0.000450204
1.047061349	0.000467215
1.047816133	0.000617836
1.048570918	0.00056815
1.049241638	0.000443106
1.04988553	0.000510303
1.050638526	0.000460439
1.051450546	0.000418905
1.052232159	0.000561749
1.053126453	0.000427964
1.05385262	0.000503834
1.054523341	0.000529362
1.055194062	0.000596962
1.056004293	0.000622664
1.056816312	0.000505251
1.057402969	0.000572935
1.058129136	0.000539604
1.058828474	0.000599018
1.059526024	0.000641625
1.060280808	0.000506907
1.06106421	0.000583374
1.061845824	0.000609186
1.062684672	0.000533459
1.063466285	0.000542325
1.064165623	0.000703791
1.064780898	0.000678745
1.065478448	0.000696169
1.066288678	0.000637224
1.06721159	0.000603761
1.067882311	0.000680722
1.068665713	0.000664191
1.069363262	0.000732791
1.070146664	0.00057984
1.070956895	0.000640014
1.071654445	0.000546501
1.07224289	0.000692045
1.073053121	0.000692568
1.073807906	0.000598937
1.074478626	0.000642119
1.075176176	0.00071964
1.075959578	0.000643004
1.076825255	0.000695003
1.077580039	0.000506591
1.078306206	0.000592854
1.079005545	0.000558847
1.079620819	0.000627987
1.080346986	0.000593976
1.081157217	0.000680569
1.08193883	0.00058623
1.082722232	0.000810963
1.083587909	0.000733904
1.084287247	0.000760297
1.084986586	0.000778078
1.085684135	0.000847785
1.08643892	0.000770463
1.087193704	0.00080565
1.087864425	0.000892829
1.088619209	0.000910797
1.089400823	0.000963534
1.090128778	0.000825197
1.090881774	0.000790998
1.091720622	0.000852499
1.092530853	0.000948891
1.093482382	0.000914866
1.094095868	0.000889225
1.094655697	0.000811179
1.095326417	0.000785493
1.096081202	0.000864638
1.096946879	0.000874061
1.097812556	0.000866004
1.098483277	0.000971567
1.099182615	0.000998461
1.099908782	0.001042941
1.100663566	0.001043657
1.101389734	0.000860049
1.102089072	0.000992319
1.10278841	0.001151118
1.103598641	0.000914536
1.104380254	0.000835985
1.105079592	0.000862931
1.10577893	0.000845855
1.106560544	0.000811184
1.107454838	0.000891258
1.108181005	0.000927163
1.108908961	0.000963116
1.109551064	0.001007879
1.110221785	0.00095541
1.110947952	0.001009148
1.111731354	0.001018718
1.112541585	0.001028325
1.113239134	0.001064452
1.114077982	0.001180656
1.114832767	0.001208106
1.115558934	0.001191115
1.11628689	0.001049577
1.116928993	0.001148078
1.117710606	0.001104352
1.118409945	0.001105042
1.119220175	0.000998826
1.119946342	0.001160104
1.120758362	0.001062711
1.121484529	0.001161697
1.122378823	0.001162623
1.123189054	0.001279809
1.123888392	0.001316427
1.124501878	0.001272345
1.125172599	0.001264138
1.125871937	0.001282866
1.126571275	0.001328546
1.127381506	0.001446282
1.128247183	0.001384463
1.129086031	0.001277532
1.129867644	0.001395454
1.130538365	0.001225125
1.131182257	0.001207796
1.131879807	0.001118351
1.132634591	0.001281547
1.133417993	0.001291464
1.134199607	0.00127428
1.134954391	0.001338432
1.135709175	0.001176432
1.136435343	0.001331123
1.137190127	0.001386375
1.138084421	0.001342123
1.138699696	0.001460802
1.139425863	0.001271073
1.140125201	0.001380869
1.140795922	0.001508941
1.141577535	0.00140082
1.142360937	0.001338064
1.143115722	0.001384491
1.143841889	0.001358027
1.144652119	0.00148668
1.145406904	0.001478533
1.146022179	0.001479327
1.146635664	0.001544075
1.14736362	0.001590767
1.148257915	0.001637754
1.14901091	0.001501496
1.149794312	0.001493358
1.150549097	0.00153101
1.151246646	0.001449378
1.152030048	0.001477903
1.15295296	0.001387218
1.15365051	0.001406442
1.154294402	0.001517598
1.155020569	0.001500146
1.155718118	0.001547097
1.156472903	0.001529677
1.157283134	0.001696734
1.158121982	0.001642595
1.158848149	0.001542053
1.159547487	0.001450589
1.160302272	0.001543988
1.16100161	0.001628178
1.161699159	0.001601386
1.162453944	0.001519063
1.163237346	0.001594238
1.163990342	0.001706568
1.16482919	0.001624264
1.165499911	0.00165306
1.166199249	0.001765561
1.166925416	0.001720169
1.167708818	0.001805064
1.168545877	0.001731869
1.169132534	0.001760686
1.16986049	0.001743139
1.170615275	0.001800229
1.171341442	0.001745345
1.172151672	0.001755893
1.172961903	0.001757106
1.17368807	0.001758194
1.174526918	0.001768809
1.17531032	0.001807449
1.175952424	0.001677255
1.176539081	0.001809339
1.177209801	0.00181037
1.178075478	0.001905572
1.179027008	0.001860138
1.179669111	0.001861151
1.180423896	0.001749473
1.181123234	0.001854034
1.181904847	0.001845843
1.182688249	0.001960153
1.183414416	0.001725616
1.184001073	0.001867986
1.184782686	0.00189754
1.185594706	0.001813818
1.186292255	0.001862148
1.186991594	0.002005117
1.187830442	0.001902422
1.188696119	0.001922751
1.189450903	0.002066138
1.19017707	0.001982048
1.190819174	0.001926186
1.191463066	0.002012671
1.192189233	0.001928402
1.192972635	0.001929669
1.19372563	0.00194991
1.19453765	0.001951237
1.195403327	0.002076477
1.196074048	0.002049051
1.196744768	0.002078808
1.197470935	0.002032361
1.198254337	0.002100526
1.199035951	0.002121004
1.199679843	0.002093465
1.200432838	0.002104344
1.201160794	0.002076908
1.201886961	0.002173931
1.202641746	0.002184879
1.203507423	0.002186452
1.204262207	0.002274184
1.205127884	0.002141383
1.20585584	0.002142676
1.206469326	0.002134153
1.2070846	0.002183332
1.207810767	0.002136526
1.208678233	0.002253631
1.20954391	0.002149229
1.210243248	0.002362626
1.211024861	0.002335203
1.211808263	0.002375337
1.212505813	0.002531287
1.213176534	0.00240702
1.213847255	0.00240835
1.214517975	0.002535488
1.215329995	0.002440344
1.216140225	0.002364448
1.216866392	0.002288291
1.217565731	0.002328413
1.218318727	0.002397807
1.219241638	0.002545349
1.219967805	0.002420494
1.22072259	0.002412265
1.221366482	0.002481661
1.222037203	0.002375913
1.222790199	0.002591731
1.223602218	0.002564202
1.224383831	0.002643889
1.225083169	0.002645399
1.225977464	0.002608255
1.226703631	0.002580476
1.227374352	0.002572107
1.228100519	0.002602986
1.228799857	0.002712172
1.22958147	0.002655112
1.230196745	0.002842686
1.231006975	0.002648382
1.231677696	0.002826479
1.232461098	0.002877379
1.233215883	0.002810357
1.234110177	0.002753393
1.234920408	0.002755201
1.235617957	0.002776448
1.236233232	0.002797532
1.23693257	0.002897675
1.237658737	0.002948685
1.238413522	0.002980087
1.239307816	0.002932864
1.240033983	0.002983986
1.240788768	0.002966029
1.241543552	0.002918369
1.242241102	0.002949704
1.242969057	0.002911816
1.243666607	0.003012547
1.244421392	0.002845808
1.245176176	0.002897143
1.245959578	0.002998245
1.246712574	0.002870916
1.247411912	0.003031559
1.248195314	0.003003625
1.249005545	0.003085193
1.249926668	0.003107387
1.25057056	0.003059165
1.251212663	0.003090645
1.251883384	0.003082326
1.252554105	0.003073997
1.253308889	0.003055877
1.254063674	0.003127665
1.254902522	0.003039764
1.255628689	0.003161583
1.256467537	0.003203742
1.257193704	0.003225628
1.257864425	0.003107075
1.2584797	0.003198845
1.259205867	0.003301026
1.26012699	0.00330344
1.260826328	0.00331532
1.261581113	0.003216781
1.26230728	0.003278981
1.263033447	0.00331106
1.263788231	0.003282828
1.264711143	0.003335613
1.265465927	0.003307353
1.266136648	0.003420082
1.266834198	0.003371495
1.267533536	0.003393556
1.268232874	0.003516694
1.269014488	0.003498638
1.269908782	0.003592172
1.270663566	0.003776554
1.271389734	0.00356597
1.272117689	0.003456511
1.272815239	0.003498974
1.273459131	0.003490597
1.27415668	0.003543272
1.274966911	0.003474412
1.275721696	0.003506964
1.276560544	0.003631332
1.277259882	0.003663853
1.277986049	0.003625203
1.27865677	0.00366786
1.279411554	0.003802554
1.280277231	0.003784724
1.280892506	0.003796749
1.28164729	0.003829623
1.282428904	0.003780866
1.283183688	0.003762642
1.283993919	0.003846866
1.284832767	0.003880093
1.28561438	0.003943917
1.286481846	0.003967079
1.287179395	0.004041025
1.287823287	0.004012262
1.288409945	0.00409622
1.289025219	0.003985194
1.28983545	0.004049364
1.290813808	0.004145004
1.291484529	0.004167739
1.292210696	0.004108303
1.292910034	0.004151735
1.29366303	0.004226309
1.294446432	0.004290755
1.295201216	0.004107491
1.295816491	0.004233345
1.296626722	0.004266987
1.297381506	0.004352172
1.298052227	0.004344079
1.298722948	0.004284233
1.299475943	0.004276363
1.300370238	0.004382921
1.301182257	0.004458234
1.301879807	0.00441913
1.302605974	0.004483871
1.303249866	0.004382243
1.303947415	0.004509268
1.304730817	0.004491185
1.305485602	0.004410565
1.30632445	0.004621578
1.307245573	0.004593588
1.307944911	0.004658577
1.308642461	0.004702771
1.309370417	0.004663654
1.310096584	0.004739314
1.310906815	0.004815363
1.311548918	0.004734117
1.312303702	0.004757754
1.313003041	0.004770752
1.313673761	0.004867397
1.314399928	0.004859614
1.315210159	0.00484165
1.315993561	0.00495988
1.316887855	0.004879306
1.317614023	0.004955489
1.318229297	0.004915787
1.318844572	0.004855029
1.319570739	0.005078507
1.320409587	0.005060693
1.321246646	0.004905984
1.321945985	0.005024448
1.322700769	0.005027317
1.323539617	0.005199243
1.324349848	0.005118005
1.325047398	0.005089027
1.325718118	0.005197238
1.326388839	0.005147023
1.32719907	0.005266495
1.327927026	0.005248222
1.328624575	0.005261565
1.329352531	0.005433927
1.330134144	0.00553251
1.331057056	0.005599985
1.331783223	0.005698547
1.332482561	0.005563513
1.333069218	0.005661561
1.333739939	0.005706919
1.334494724	0.005699515
1.335276337	0.005575178
1.336142014	0.005589439
1.336896798	0.005656512
1.337707029	0.005841143
1.338406367	0.005748215
1.339105706	0.005751219
1.33986049	0.005722432
1.340586657	0.005768261
1.341425505	0.005718427
1.342067609	0.00584949
1.342877839	0.00578882
1.343604006	0.005749126
1.344358791	0.005945172
1.345084958	0.005980537
1.345923806	0.005844848
1.346762654	0.006073846
1.347461992	0.006077
1.34804865	0.006154836
1.348690753	0.00617926
1.349445537	0.006085946
1.350200322	0.005992523
1.351065999	0.006168612
1.35187623	0.006161539
1.352659632	0.006175888
1.353385799	0.006330179
1.354085137	0.006290292
1.354782686	0.006347508
1.355453407	0.006426253
1.356236809	0.006494807
1.357018422	0.006487737
1.357801824	0.006632132
1.358499374	0.006657188
1.35922733	0.006530789
1.359924879	0.006534141
1.360679664	0.00665703
1.361629404	0.006737624
1.362300125	0.006730088
1.362999463	0.006918173
1.363670184	0.006997638
1.364340905	0.007077179
1.365067072	0.007157085
1.365821857	0.006954264
1.366689322	0.006969571
1.367470935	0.007071623
1.368336612	0.007108809
1.369007333	0.006959575
1.369651225	0.006930108
1.3702665	0.007064242
1.371019496	0.0070572
1.371942407	0.007094746
1.372697192	0.007131463
1.373451976	0.007113496
1.374178143	0.007128207
1.374848864	0.007252191
1.375632266	0.007234401
1.376582007	0.007392958
1.377279556	0.007341833
1.377894831	0.007520781
1.378565552	0.007535426
1.37926489	0.007429347
1.37996244	0.007554057
1.380745842	0.007756381
1.381611519	0.007750235
1.382421749	0.007875949
1.383149705	0.007836011
1.383904489	0.007917477
1.38457521	0.00794338
1.385217314	0.00810159
1.385943481	0.008061663
1.386726882	0.008022022
1.387481667	0.008170111
1.388291898	0.008252317
1.389018065	0.008035276
1.389744232	0.008105919
1.390470399	0.008121233
1.391309247	0.008292425
1.392148095	0.008341796
1.392734752	0.008434091
1.393489537	0.008372041
1.394215704	0.008520824
1.394941871	0.008480802
1.395696655	0.008529875
1.396506886	0.00861272
1.397261671	0.008661909
1.398100519	0.008745091
1.398883921	0.008805723
1.399526024	0.008765159
1.400168127	0.008958845
1.400896083	0.008840715
1.401706314	0.008767645
1.402627437	0.008873994
1.403298158	0.008945327
1.403997496	0.009005721
1.404668217	0.008987638
1.405423001	0.009126851
1.406204615	0.009019878
1.406903953	0.009024364
1.40749061	0.009084202
1.408300841	0.009235311
1.409084243	0.009375182
1.409781792	0.009559556
1.41048113	0.009496865
1.411291361	0.009682246
1.412185656	0.009767149
1.412969057	0.009750049
1.413695224	0.009788854
1.414392774	0.009883844
1.415008049	0.009752844
1.415707387	0.009802787
1.416489	0.009774338
1.417272402	0.009757158
1.418082633	0.009909629
1.419005545	0.009983919
1.419731712	0.009989029
1.420429261	0.0100958
1.421184046	0.010237055
1.42193883	0.010219831
1.422638168	0.010270201
1.423253443	0.010456093
1.42397961	0.010313924
1.424705777	0.010557581
1.425405115	0.010494616
1.426186729	0.010568555
1.426996959	0.010608671
1.427780361	0.010728262
1.428701485	0.010803488
1.42942944	0.010865942
1.42998748	0.010881578
1.430658201	0.011046277
1.431384368	0.011006262
1.432251833	0.011024345
1.43311751	0.0108483
1.433816849	0.01112779
1.434543016	0.011259162
1.435269183	0.011150498
1.436023967	0.011316555
1.436750134	0.011459656
1.437449472	0.011556865
1.438175639	0.011528324
1.439014488	0.011626778
1.439769272	0.011655821
1.44046861	0.011684439
1.44116616	0.01173603
1.442005008	0.011857762
1.442870685	0.012048832
1.443541406	0.012111945
1.444240744	0.012048765
1.444856019	0.012146001
1.445498122	0.012208988
1.446281524	0.012192557
1.447063137	0.01233751
1.447928814	0.012344891
1.448740833	0.012548058
1.449577893	0.012682363
1.450221785	0.012768885
1.450892506	0.01290196
1.451590055	0.012804065
1.452289394	0.013041674
1.453155071	0.013049448
1.453825791	0.013124977
1.454609193	0.013050916
1.455306743	0.013138347
1.456118762	0.01306446
1.456900376	0.013268822
1.457710606	0.013345892
1.458494008	0.013457658
1.459164729	0.013556861
1.459806832	0.013609355
1.460477553	0.013790167
1.46120372	0.013750451
1.461958505	0.013815799
1.462852799	0.013882531
1.463636201	0.014088227
1.464417814	0.014130757
1.465201216	0.014103291
1.465927383	0.014168685
1.466598104	0.014338772
1.467213379	0.014403242
1.467994992	0.014469401
1.468778394	0.014512233
1.469588625	0.014613917
1.470314792	0.014691432
1.47101413	0.014850796
1.471684851	0.014787208
1.472466464	0.015100114
1.473416205	0.015086373
1.474031479	0.015210126
1.4747022	0.015369805
1.475401538	0.015318312
1.476099088	0.015372602
1.476853872	0.015474604
1.477664103	0.01561261
1.478531569	0.01556287
1.479286353	0.015759409
1.480123413	0.015815502
1.480822751	0.015988166
1.481438025	0.015935788
1.4820533	0.016048689
1.482806296	0.016033212
1.483673761	0.016243568
1.484371311	0.016404964
1.485154713	0.016413622
1.485909497	0.016469324
1.486635664	0.016619521
1.487361832	0.016758005
1.488313361	0.016875457
1.48901091	0.016776585
1.489681631	0.016926582
1.490465033	0.017244265
1.491162583	0.017299862
1.491890538	0.017427183
1.492643534	0.017459767
1.493482382	0.017469579
1.494265784	0.017431116
1.494963334	0.017558374
1.49569129	0.017721856
1.496444285	0.017754626
1.49705956	0.017976643
1.497758898	0.01809245
1.498540512	0.01806607
1.499295296	0.018397727
1.500105527	0.01825228
1.500833482	0.018548149
1.501559649	0.018616947
1.502257199	0.018757267
1.503040601	0.018814954
1.503879449	0.018957269
1.504466106	0.019012615
1.50524772	0.018974517
1.506002504	0.018960032
1.506757288	0.01898154
1.507567519	0.019015772
1.508434985	0.019339218
1.509161152	0.019552956
1.509971383	0.019527359
1.510670721	0.019536403
1.511312824	0.01966513
1.511928099	0.019950223
1.512625648	0.019983532
1.513435879	0.020163066
1.514387408	0.020248144
1.515029512	0.020292945
1.51572885	0.020483475
1.5164264	0.020444569
1.517209801	0.020636471
1.518020032	0.020949886
1.518774817	0.020706165
1.519361474	0.020956293
1.520143087	0.021015524
1.520926489	0.021038473
1.521625827	0.021193641
1.522323377	0.021191227
1.523106779	0.021323495
1.523972456	0.021590622
1.52472724	0.021722807
1.525482025	0.021855113
1.526152745	0.021852562
1.526850295	0.022154537
1.527578251	0.022177271
1.528359864	0.022505251
1.529143266	0.022468049
1.529980326	0.02272417
1.530792345	0.02268744
1.531463066	0.022868221
1.532133786	0.022878237
1.5329154	0.022914337
1.533670184	0.02318225
1.534424969	0.023267018
1.535067072	0.023447997
1.535850474	0.023716958
1.536576641	0.02352003
1.537302808	0.023665889
1.538057593	0.02386134
1.538867823	0.023726767
1.539622608	0.023946959
1.540572348	0.024194965
1.541271687	0.023972608
1.541802898	0.024324858
1.542445001	0.024580797
1.543144339	0.024714901
1.543983187	0.024802152
1.544877482	0.024865757
1.545575031	0.025061715
1.546329816	0.025061632
1.5470846	0.025209466
1.547866214	0.025370206
1.548620998	0.025444275
1.549320336	0.025826121
1.550019674	0.02587483
1.550801288	0.025974377
1.551556072	0.026011745
1.552226793	0.026035358
1.552926131	0.026207949
1.553679127	0.026171137
1.554546593	0.026433485
1.555328206	0.026434383
1.556082991	0.026583601
1.556669648	0.026705257
1.55731354	0.026902436
1.558068324	0.027138943
1.558849937	0.027189821
1.559688786	0.027241736
1.56044357	0.027428992
1.561253801	0.027455674
1.56195135	0.02767952
1.562706135	0.027755155
1.563434091	0.02784283
1.564076194	0.027978893
1.564830978	0.028079676
1.565501699	0.028179031
1.56631193	0.028430746
1.567011268	0.028455926
1.567764264	0.028769411
1.56849222	0.028682786
1.569386514	0.028924231
1.570307637	0.02900377
1.571062422	0.029218006
1.571677696	0.029479915
1.572348417	0.029404795
1.573103202	0.029744812
1.573857986	0.029784165
1.574723663	0.029687619
1.575507065	0.029928357
1.576288678	0.030043685
1.577043463	0.030196298
1.577685566	0.030246307
1.578384904	0.030372905
1.579027008	0.030385261
1.57981041	0.030501041
1.580536577	0.030691376
1.581319979	0.030731788
1.582017528	0.03093443
1.582716866	0.031137274
1.583443033	0.031202029
1.584226435	0.031570919
1.585176176	0.031665631
1.585846897	0.03174221
1.586544446	0.031996366
1.587299231	0.03206218
1.587998569	0.032177533
1.588697907	0.03222968
1.589450903	0.032384271
1.590205688	0.0325517
1.590905026	0.032743488
1.591743874	0.032621237
1.592498659	0.032700152
1.593196208	0.032917592
1.5938401	0.033045195
1.594593096	0.033137042
1.595516008	0.033334207
1.596242175	0.033425693
1.597052406	0.033531738
1.59780719	0.033738558
1.598477911	0.033892826
1.599177249	0.033894912
1.600071544	0.034321853
1.600826328	0.034274266
1.601497049	0.034365192
1.602223216	0.034585041
1.602922554	0.034740632
1.603620104	0.034883529
1.604374888	0.034963867
1.605185119	0.035019895
1.605939903	0.034959584
1.606639242	0.035051619
1.607449472	0.03519738
1.608148811	0.035507413
1.608790914	0.035598505
1.609490252	0.035870472
1.610300483	0.036080996
1.611082096	0.03599581
1.611892327	0.036540507
1.612647111	0.036660416
1.613373278	0.036625502
1.614101234	0.036937839
1.614966911	0.036661679
1.615832588	0.036810083
1.61633697	0.037079156
1.61703452	0.036914772
1.617762475	0.037034515
1.618460025	0.037063379
1.619186192	0.037260635
1.619998211	0.037640755
1.620835271	0.037660204
1.621758183	0.037965941
1.622512967	0.038048252
1.623155071	0.037985709
1.623741728	0.038193511
1.624412449	0.038377553
1.625251297	0.038552774
1.626201037	0.038756712
1.626816312	0.039004703
1.627571096	0.0390228
1.628241817	0.039142674
1.628967984	0.03922503
1.629722769	0.039450978
1.630532999	0.03940563
1.631176891	0.039759124
1.631958505	0.039895209
1.632684672	0.039978008
1.63338401	0.040177342
1.634110177	0.040338433
1.634893579	0.040475015
1.635759256	0.040626786
1.636542658	0.040763604
1.637324271	0.040900491
1.637994992	0.040917245
1.638610266	0.041050125
1.639336434	0.041277316
1.640119835	0.04150614
1.640930066	0.041683546
1.641767126	0.04170481
1.642605974	0.041830826
1.643276695	0.041991939
1.643891969	0.041863576
1.644646754	0.042079368
1.645456984	0.042191877
1.646267215	0.042356947
1.646909319	0.042596555
1.64769272	0.042643075
1.648392059	0.042805655
1.649062779	0.043046452
1.649760329	0.043235552
1.650543731	0.043505965
1.651241281	0.043524352
1.652108746	0.04374468
1.652918977	0.043739792
1.653534251	0.043993234
1.654176355	0.044208028
1.654931139	0.044373253
1.655825434	0.044397232
1.656691111	0.044394041
1.657335003	0.044688619
1.65806117	0.044655353
1.658815954	0.044953251
1.659626185	0.045081001
1.660380969	0.045114734
1.661078519	0.045213101
1.661777857	0.045470479
1.662532642	0.045464638
1.663314255	0.045870364
1.66406904	0.045705546
1.664795207	0.04614998
1.665578608	0.046184969
1.666472903	0.046594848
1.66719907	0.046681574
1.667898408	0.046807476
1.668456448	0.046769958
1.669071722	0.046827104
1.669826507	0.047220831
1.67060812	0.047495855
1.671475586	0.047254146
1.67223037	0.047568625
1.67306743	0.047779073
1.673795385	0.048026591
1.674521552	0.048407683
1.67524772	0.048228446
1.67591844	0.048314525
1.676728671	0.048631812
1.677372563	0.048677218
1.678182794	0.048767591
1.678908961	0.049069626
1.679692363	0.048998835
1.680389912	0.04909952
1.681284207	0.049339998
1.682123055	0.049471842
1.682822393	0.049720362
1.68340905	0.049858418
1.684079771	0.049985635
1.684805938	0.050235409
1.685560723	0.050432514
1.686455017	0.050257703
1.687209801	0.050535631
1.687964586	0.050773437
1.688717582	0.050728807
1.68941692	0.050870968
1.690171705	0.051055306
1.690786979	0.051195144
1.691541764	0.051325825
1.692378823	0.051027581
1.693189054	0.051510724
1.693859775	0.051909041
1.694559113	0.052322044
1.695258451	0.052303113
1.696040064	0.052543456
1.696962976	0.052734308
1.697633697	0.052809259
1.698304418	0.052803058
1.698975139	0.052742686
1.699645859	0.052844766
1.700427473	0.053018109
1.701266321	0.053220491
1.702076552	0.053340774
1.702831336	0.0536765
1.703670184	0.053621492
1.704367734	0.054050865
1.705011626	0.053989771
1.705653729	0.054132421
1.706379896	0.054155467
1.707302808	0.054443234
1.707973529	0.054587106
1.708728313	0.054706537
1.70945448	0.054838755
1.710209265	0.054931104
1.710992667	0.055106234
1.711886961	0.055394207
1.712584511	0.055471363
1.713228403	0.055710638
1.713925952	0.055815262
1.714625291	0.056015647
1.715351458	0.056203388
1.71613486	0.056393149
1.716971919	0.05661219
1.717755321	0.056733831
1.718510106	0.05671768
1.719291719	0.056907871
1.719991057	0.057054365
1.720661778	0.057254849
1.721387945	0.057539621
1.722198176	0.057594149
1.72295296	0.057729221
1.723763191	0.057962396
1.724462529	0.058068356
1.725160079	0.058353024
1.725888034	0.058295134
1.726698265	0.058473846
1.727537113	0.058557314
1.728095153	0.058782775
1.728849937	0.058918655
1.729549276	0.059135426
1.730246825	0.059310931
1.73100161	0.059598868
1.731867287	0.059766671
1.732650689	0.059683258
1.733489537	0.059864093
1.734215704	0.060027355
1.734857807	0.060187816
1.735444464	0.060111371
1.736115185	0.060355941
1.736898587	0.060646132
1.737876945	0.060846465
1.738547666	0.061008477
1.73930245	0.061201272
1.740028617	0.061254553
1.740810231	0.061462391
1.741649079	0.061797318
1.742403863	0.061796331
1.743019138	0.061873707
1.743829369	0.062041419
1.744584153	0.062221185
1.745254874	0.062342451
1.745952424	0.06258996
1.746735825	0.06279898
1.74763012	0.06295646
1.748440351	0.063180693
1.749195135	0.063305532
1.749781792	0.063368592
1.750368449	0.063557203
1.751094616	0.063764959
1.751878018	0.063863282
1.752688249	0.063878853
1.75349848	0.06409002
1.754365945	0.064443243
1.755063495	0.064748558
1.755734216	0.064885221
1.756517618	0.064942165
1.757272402	0.06522211
1.757998569	0.065361126
1.758613844	0.065398014
1.75936684	0.065678356
1.760066178	0.065732511
1.760765516	0.065898929
1.761491683	0.066136644
1.762330531	0.066406861
1.763167591	0.066424354
1.764090503	0.066796479
1.76481667	0.066669289
1.765403327	0.067155661
1.766047219	0.067166083
1.766773386	0.0671937
1.76766768	0.067481242
1.768533357	0.067528381
1.769204078	0.067652672
1.769874799	0.067903961
1.77054552	0.067915587
1.771328921	0.068185578
1.772083706	0.068271113
1.772809873	0.068525105
1.773509211	0.068679321
1.774319442	0.068908629
1.775101055	0.068981417
1.775800393	0.06926329
1.776526561	0.06933408
1.777309962	0.069435464
1.778175639	0.069695984
1.778874978	0.069879312
1.779601145	0.070092179
1.780187802	0.070257133
1.780829905	0.070310854
1.781613307	0.070554726
1.78239492	0.070812917
1.78320694	0.071086728
1.78401717	0.071318041
1.784995529	0.071513606
1.785748524	0.07160069
1.786419245	0.071784161
1.787118583	0.071769543
1.787789304	0.071967423
1.788599535	0.072270823
1.789270256	0.072483267
1.79002504	0.072570896
1.790667144	0.072639732
1.791421928	0.072884465
1.792176713	0.073115098
1.793099624	0.07339564
1.793909855	0.073371628
1.794609193	0.073528928
1.795222679	0.073840155
1.7958934	0.073810503
1.796621356	0.074126736
1.797374352	0.074315343
1.7982132	0.074249728
1.799023431	0.074469536
1.799778215	0.074773256
1.800477553	0.075089239
1.80120372	0.075162581
1.801903058	0.075335341
1.802545162	0.075362187
1.803299946	0.075594909
1.80408156	0.075857676
1.804864962	0.076063193
1.805591129	0.07638154
1.806317296	0.076556189
1.807129315	0.076662601
1.807939546	0.076913062
1.808860669	0.077053141
1.809447326	0.077323235
1.810062601	0.077349528
1.810733321	0.077493615
1.811459488	0.077510259
1.812187444	0.07794572
1.812997675	0.078240601
1.813836523	0.078262349
1.814534073	0.078393655
1.815372921	0.078675803
1.816099088	0.078823042
1.816798426	0.078998159
1.817440529	0.079228822
1.818166696	0.079231503
1.819089608	0.079677574
1.819788947	0.079780707
1.820543731	0.079784785
1.821296727	0.079948396
1.821996065	0.080254934
1.822722232	0.080345015
1.823616527	0.080602397
1.824344482	0.080576426
1.825015203	0.080853263
1.825685924	0.081188471
1.826383473	0.081408678
1.82710964	0.081353695
1.827893042	0.081781828
1.828758719	0.081893418
1.82956895	0.082075484
1.830323735	0.082255186
1.831133965	0.082379142
1.831833304	0.082498182
1.832504024	0.082820421
1.833230191	0.083189211
1.83406904	0.083329575
1.834795207	0.083391808
1.835578608	0.083559049
1.836249329	0.083823685
1.836946879	0.08408972
1.837646217	0.084136376
1.838456448	0.084319963
1.839323913	0.084520964
1.839881953	0.084839816
1.840581291	0.084916061
1.841307458	0.085125624
1.842033625	0.085408714
1.84278841	0.085649281
1.843627258	0.085820482
1.844382043	0.085958491
1.84524772	0.086175274
1.846031121	0.086314826
1.846757288	0.086334064
1.847372563	0.08668667
1.848014666	0.086805151
1.84879628	0.086871328
1.849747809	0.087181341
1.850389912	0.087491743
1.851116079	0.087526078
1.8517868	0.087764366
1.852541585	0.0878149
1.853324987	0.088191688
1.854162046	0.088187197
1.854805938	0.088557746
1.855587551	0.088624636
1.856315507	0.088896065
1.856986228	0.089002169
1.857683777	0.089080008
1.858438562	0.089175434
1.859248793	0.089392089
1.860059023	0.089431045
1.860729744	0.089804303
1.8614577	0.089883934
1.86215525	0.090229212
1.862881417	0.090501896
1.863636201	0.090820709
1.864475049	0.090935871
1.865369344	0.091142987
1.866179574	0.091390754
1.866850295	0.091661606
1.867521016	0.09173918
1.8682758	0.091895351
1.869059202	0.091978563
1.869785369	0.092371867
1.870400644	0.09259601
1.871126811	0.092542503
1.871881595	0.092907972
1.872607762	0.09315291
1.873362547	0.09328002
1.874228224	0.093457532
1.875067072	0.093693591
1.875961366	0.093872808
1.87660347	0.094039516
1.877163298	0.094381677
1.877805402	0.094398998
1.87850474	0.094628741
1.879370417	0.094867025
1.880237882	0.094895831
1.880908603	0.095124517
1.881606153	0.095369695
1.882305491	0.095600121
1.883087104	0.095894898
1.883870506	0.096054879
1.884568056	0.09628566
1.885267394	0.096306369
1.886050796	0.096571812
1.886832409	0.096807282
1.887531747	0.096993564
1.888257915	0.097271613
1.889039528	0.09740219
1.889933822	0.0978549
1.890688607	0.098074764
1.891416562	0.098037169
1.892058666	0.098266441
1.892729387	0.098406847
1.893484171	0.098536615
1.894265784	0.098848977
1.895104632	0.099013554
1.895830799	0.099262982
1.896669648	0.099322015
1.897395815	0.099738009
1.898095153	0.099956262
1.898849937	0.100056531
1.899520658	0.100212958
1.900386335	0.100606907
1.901057056	0.100566676
1.90181184	0.100682373
1.902453944	0.100837639
1.903208728	0.101332595
1.903936684	0.101523062
1.904886425	0.101816559
1.905696655	0.101875051
1.906422822	0.101974633
1.90700948	0.102127575
1.9076802	0.1022699
1.908379539	0.102596309
1.909105706	0.10280268
1.909944554	0.103076131
1.910726167	0.103377137
1.911480952	0.103570283
1.912264353	0.10382605
1.91299052	0.10388072
1.913689859	0.104177921
1.914331962	0.104212876
1.915086747	0.104604937
1.91586836	0.104525503
1.916707208	0.104846175
1.917461992	0.105315263
1.918216777	0.105402573
1.918942944	0.105473055
1.919669111	0.105681226
1.920536577	0.106004437
1.92117868	0.106238885
1.921878018	0.106446009
1.922575568	0.106653156
1.923246289	0.106858935
1.924001073	0.107222817
1.924784475	0.107496529
1.925623323	0.107558721
1.926460383	0.107973883
1.927299231	0.108205182
1.927969952	0.108350375
1.928640673	0.108372701
1.929255947	0.108453392
1.930010732	0.108680365
1.930905026	0.109053823
1.93165981	0.109219586
1.932412806	0.109277559
1.933112145	0.109517349
1.933782865	0.109771069
1.934509032	0.109920191
1.935376498	0.110139115
1.936131282	0.110228351
1.936802003	0.110760382
1.93752817	0.111048925
1.93822572	0.111289678
1.938980504	0.111348466
1.939790735	0.111796864
1.94068503	0.11195665
1.941412985	0.112199748
1.942110535	0.112425761
1.94283849	0.112762036
1.943509211	0.11273902
1.944151315	0.112884706
1.944906099	0.113362455
1.945744947	0.113488869
1.946555178	0.113799804
1.947365409	0.113971306
1.948007512	0.114179628
1.948678233	0.114327632
1.9494044	0.114556633
1.950243248	0.114854565
1.951110714	0.115185492
1.951640136	0.115387807
1.952339474	0.115382485
1.953065641	0.115627711
1.953793597	0.115951034
1.95457521	0.116246609
1.955385441	0.116419442
1.956168843	0.116684302
1.957005902	0.116858982
1.95784475	0.117174278
1.958544089	0.117294162
1.959159363	0.117658838
1.959830084	0.11765227
1.960640315	0.118075853
1.961590055	0.11822683
1.962232159	0.118390613
1.962931497	0.118698702
1.963602218	0.118927016
1.964357002	0.119207513
1.965167233	0.119366293
1.965977464	0.119525164
1.966592738	0.119797621
1.967374352	0.119939292
1.968102307	0.120109128
1.968799857	0.120308575
1.969470578	0.12066342
1.97025398	0.120837011
1.971119657	0.121235638
1.971903058	0.121299535
1.972600608	0.121688238
1.973299946	0.121904339
1.973970667	0.122244622
1.974641388	0.122191753
1.975396172	0.122600484
1.976177786	0.122507276
1.976961188	0.122870895
1.977855482	0.123147113
1.978581649	0.123334217
1.979307816	0.123521425
1.980033983	0.123882286
1.980817385	0.124183834
1.981683062	0.124538122
1.982298337	0.124655765
1.983053121	0.124940247
1.983834734	0.125021107
1.98456269	0.125620446
1.985288857	0.125682231
1.986099088	0.125860128
1.986825255	0.126301927
1.98769272	0.126578807
1.988418887	0.12662505
1.989005545	0.12688429
1.989620819	0.127113783
1.990318369	0.127269362
1.991130388	0.127733791
1.991996065	0.127709963
1.99261134	0.128146344
1.993337507	0.12827246
1.994063674	0.128493968
1.994873904	0.12864155
1.995657306	0.128771577
1.99643892	0.129140169
1.997138258	0.129201319
1.997893042	0.129536699
1.998619209	0.129711183
1.999318548	0.129852155
2.000016097	0.130200251
2.000826328	0.130412425
2.001665176	0.130546848
2.002419961	0.130803497
2.003203363	0.131062174
2.003845466	0.131567224
2.004487569	0.131705215
2.005242354	0.132042413
2.006025756	0.131934156
2.006835986	0.132291268
2.007590771	0.132532984
2.008485065	0.132960111
2.009211232	0.132960154
2.009881953	0.133452959
2.010636738	0.133663285
2.011334287	0.134110321
2.012117689	0.134338917
2.012732964	0.134428109
2.013543194	0.134706842
2.014269361	0.134948022
2.015052763	0.135096844
2.01577893	0.135322211
2.016644607	0.135621358
2.017454838	0.136013429
2.018182794	0.136030345
2.01879628	0.136296899
2.019440172	0.136710468
2.020137721	0.137031334
2.020865677	0.137112918
2.021675908	0.137296763
2.022457521	0.137285383
2.023240923	0.137806083
2.024077982	0.138137274
2.024805938	0.138477365
2.025532105	0.138817543
2.026231443	0.138865471
2.02695761	0.139044447
2.027683777	0.139465867
2.028522626	0.139895325
2.029304239	0.139981568
2.030032195	0.140355294
2.030758362	0.140437863
2.031539975	0.140767105
2.032378823	0.140938589
2.033020926	0.141323303
2.033664818	0.141416676
2.034335539	0.141819933
2.034977643	0.141961986
2.03570381	0.142109969
2.036431765	0.142550224
2.037241996	0.142980299
2.037996781	0.143098228
2.03883384	0.14346567
2.039617242	0.143845834
2.04031658	0.144106503
2.04101413	0.144432243
2.041797532	0.144699181
2.042691826	0.144909046
2.043446611	0.145255675
2.044199607	0.145260335
2.044954391	0.145590976
2.045653729	0.145852666
2.046379896	0.146083805
2.047302808	0.146508578
2.048028975	0.146756371
2.048671079	0.146998271
2.049341799	0.147160704
2.050041138	0.147439612
2.050767305	0.147589883
2.051522089	0.14770959
2.05233232	0.148013226
2.053115722	0.148249679
2.053870506	0.148615124
2.054680737	0.148902959
2.055378287	0.149100908
2.055993561	0.149358512
2.056637453	0.149683876
2.057390449	0.149984583
2.058173851	0.150386089
2.059096763	0.150617596
2.059878376	0.151003036
2.060549097	0.151347742
2.061248435	0.151546927
2.062030048	0.151883711
2.062897514	0.152177731
2.063484171	0.152484081
2.064210338	0.152652878
2.064881059	0.152702479
2.065523162	0.152733506
2.066277947	0.153217391
2.067116795	0.153609014
2.067927026	0.15375161
2.068849937	0.154314775
2.069631551	0.154472022
2.070302272	0.154670551
2.0708621	0.155108396
2.071504203	0.15532155
2.072287605	0.155611461
2.073237346	0.155897537
2.073934895	0.156247446
2.07468968	0.156453093
2.075417635	0.156871806
2.076199249	0.157261753
2.077038097	0.157573544
2.077792881	0.157614249
2.078379539	0.157989967
2.079189769	0.158200662
2.079944554	0.158539837
2.080615275	0.158823062
2.081341442	0.159077507
2.082124843	0.159452605
2.083074584	0.159907096
2.083800751	0.160012652
2.084442855	0.160427359
2.085086747	0.160543372
2.085702021	0.160756937
2.086372742	0.16109125
2.087154355	0.161384429
2.087964586	0.161513627
2.088747988	0.162006955
2.089642282	0.162276125
2.090397067	0.162701184
2.091123234	0.163007638
2.091878018	0.163416511
2.092659632	0.163494245
2.093385799	0.163767823
2.094001073	0.164082921
2.094755858	0.164175447
2.095482025	0.164432725
2.09620998	0.164924122
2.096962976	0.165417797
2.097801824	0.165584262
2.098612055	0.165999377
2.099534967	0.166189485
2.100234305	0.166412191
2.100763727	0.166755444
2.101379002	0.166971724
2.102133786	0.167249449
2.103056698	0.167641269
2.103866929	0.167823202
2.104482204	0.168157351
2.105152924	0.168529653
2.105879091	0.168671686
2.106660705	0.169053227
2.107415489	0.169516808
2.108141656	0.169860784
2.108840994	0.17000115
2.109651225	0.170520335
2.110434627	0.170751818
2.111160794	0.171130189
2.111915579	0.171527932
2.112697192	0.171709254
2.113564657	0.17211658
2.114262207	0.172594552
2.114990163	0.172653978
2.115603649	0.173041207
2.116247541	0.173195048
2.117002325	0.173408637
2.117783938	0.173793281
2.118622787	0.174165986
2.119377571	0.174548897
2.120214631	0.174854354
2.120913969	0.175300722
2.121640136	0.175259309
2.12239492	0.175710623
2.123065641	0.176070655
2.123933107	0.176362605
2.124546593	0.176515118
2.125301377	0.176950391
2.126000715	0.1772119
2.126782329	0.177260105
2.127510284	0.177761537
2.128375961	0.178173051
2.12921481	0.178650454
2.129969594	0.179070193
2.13058308	0.17912177
2.131226972	0.17932874
2.131953139	0.179797546
2.132679306	0.180079702
2.133518154	0.180422535
2.134299767	0.180811754
2.135111787	0.181220803
2.1358934	0.181644544
2.136619567	0.181825474
2.137347523	0.182245066
2.137961009	0.182484768
2.138744411	0.182960637
2.139526024	0.183419606
2.140309426	0.183606146
2.141006975	0.18414366
2.141706314	0.184374462
2.142432481	0.184744257
2.143215883	0.185119205
2.144137006	0.185403783
2.144780898	0.185886708
2.145396172	0.186042602
2.146066893	0.186374367
2.146737614	0.186774725
2.14749061	0.187165357
2.148358075	0.187634684
2.14925237	0.18802105
2.150062601	0.188554494
2.150872831	0.188642687
2.151543552	0.18895867
2.152185656	0.1892037
2.152829547	0.189569078
2.153500268	0.189816892
2.154339116	0.190457311
2.155065283	0.190779086
2.155875514	0.191228735
2.156657128	0.19165894
2.157385083	0.191998677
2.158139868	0.192495758
2.159060991	0.192767159
2.159815775	0.193195951
2.160457879	0.193683758
2.1611286	0.19401941
2.16179932	0.194338007
2.162498659	0.194693804
2.16328206	0.195074606
2.16411912	0.195236308
2.164902522	0.195669237
2.165657306	0.196289656
2.166412091	0.19653069
2.167138258	0.197010999
2.167808979	0.197313801
2.1684797	0.197703145
2.169261313	0.19817196
2.170016097	0.198707769
2.170826328	0.199041423
2.171581113	0.199525911
2.172335897	0.199993378
2.173062064	0.20028533
2.173845466	0.200807892
2.174766589	0.201204899
2.1752978	0.201531375
2.175941692	0.201695057
2.176612413	0.202086756
2.177367197	0.202417076
2.178204257	0.203015579
2.179071722	0.203773592
2.179826507	0.204052604
2.18060812	0.204403776
2.181334287	0.204871612
2.182062243	0.205235559
2.182704346	0.20560901
2.183319621	0.206136687
2.184101234	0.206193079
2.184995529	0.206991329
2.18563942	0.207574791
2.186421034	0.207962613
2.187147201	0.208484797
2.187930603	0.208768677
2.18865677	0.209029801
2.189467001	0.209525886
2.190082275	0.209986136
2.190892506	0.210308223
2.191675908	0.210820012
2.192373457	0.211411184
2.193072796	0.211863064
2.193883026	0.21244829
2.194832767	0.213274786
2.195587551	0.213872971
2.196313718	0.214241215
2.19695761	0.214689148
2.197599714	0.215242197
2.198299052	0.21560847
2.199053837	0.21613808
2.199806832	0.216720412
2.200645681	0.217311569
2.201513146	0.217923489
2.202239313	0.218258586
2.202910034	0.218605909
2.203636201	0.219274971
2.204446432	0.219724465
2.205229834	0.220171552
2.205816491	0.220933174
2.206571275	0.221377999
2.207352889	0.221878539
2.208107673	0.222675783
2.208807011	0.223203909
2.209588625	0.223775868
2.210343409	0.224327841
2.21115364	0.224674352
2.211908424	0.225350288
2.212495081	0.22562161
2.213110356	0.226160481
2.213781077	0.226652375
2.214591307	0.227264713
2.215541048	0.228227209
2.216211769	0.228737777
2.216966553	0.229416292
2.217749955	0.230080513
2.218476122	0.230367975
2.219230907	0.231259775
2.219957074	0.231954559
2.220683241	0.23277361
2.221493472	0.233159458
2.222248256	0.233716771
2.222976212	0.234537275
2.223646933	0.235139589
2.224428546	0.235895773
2.225294223	0.236501788
2.226022179	0.237395066
2.226748346	0.238093514
2.227335003	0.238351467
2.227977106	0.238988269
2.228760508	0.239729387
2.229599356	0.240494713
2.230493651	0.241568683
2.231303881	0.242207592
2.232085495	0.242808217
2.232784833	0.243595936
2.233455554	0.244060633
2.234210338	0.244837409
2.234965123	0.245632462
2.235802182	0.246365804
2.236530138	0.247212319
2.237284922	0.248080135
2.237955643	0.248832136
2.238653193	0.24928429
2.239323913	0.250304668
2.240107315	0.251284707
2.240917546	0.251982696
2.241672331	0.252621289
2.242285816	0.253208562
2.242929708	0.253853176
2.243627258	0.254539959
2.244382043	0.255305164
2.245249508	0.256298362
2.246143803	0.256991067
2.246980862	0.258250613
2.247708818	0.25917605
2.248379539	0.259504204
2.249077088	0.260498682
2.249805044	0.261246286
2.250586657	0.262305427
2.251341442	0.263236528
2.252151672	0.264246481
2.252851011	0.265010673
2.253577178	0.265975977
2.254276516	0.26677701
2.255002683	0.267563705
2.255952424	0.268629108
2.256623144	0.269554084
2.257265248	0.270242314
2.257964586	0.270937759
2.258635307	0.271738123
2.259361474	0.272653622
2.260144876	0.273612598
2.261010553	0.274798358
2.261793955	0.275614462
2.262575568	0.276611131
2.263246289	0.277648923
2.263917009	0.278362577
2.26458773	0.279239005
2.265313897	0.280285213
2.266152745	0.281291852
2.266852084	0.282263725
2.267578251	0.283257564
2.268277589	0.284122101
2.269032373	0.285120642
2.269813987	0.28619551
2.270763727	0.287509447
2.271518512	0.288890095
2.272189233	0.289898757
2.2729154	0.290625286
2.273643355	0.2919503
2.274369522	0.292750321
2.275124307	0.293772027
2.275989984	0.295135147
2.276744768	0.296285224
2.277470935	0.297214494
2.278198891	0.29819899
2.278896441	0.299180062
2.279511715	0.299914721
2.280211053	0.301024197
2.280992667	0.302363299
2.281776069	0.3033944
2.282613128	0.304960752
2.28339653	0.305993329
2.284122697	0.307255453
2.284822035	0.30840546
2.285603649	0.309567258
2.286442497	0.311047273
2.287057771	0.311677682
2.287812556	0.312856088
2.288510106	0.31388147
2.289236273	0.315385619
2.290019674	0.316734355
2.290858523	0.318347192
2.291640136	0.319861835
2.292450367	0.321290116
2.293178322	0.322250939
2.293820426	0.323401264
2.294407083	0.324233543
2.295077804	0.325260987
2.295861206	0.326579396
2.296810946	0.328288404
2.297481667	0.32942775
2.298236451	0.330946049
2.298934001	0.332292134
2.299688786	0.333592306
2.300527634	0.334905497
2.301282418	0.33648233
2.301897693	0.337507725
2.302734752	0.338859804
2.303518154	0.34070043
2.304160258	0.341676672
2.304830978	0.343006599
2.305641209	0.344560166
2.306535503	0.346605204
2.307290288	0.348097485
2.307989626	0.34908573
2.308687176	0.350497345
2.30930245	0.351510794
2.310001789	0.352721628
2.310783402	0.354369222
2.31162225	0.356137181
2.312432481	0.357846623
2.313299946	0.360008456
2.313997496	0.361518318
2.314641388	0.362780845
2.315338938	0.364070905
2.316122339	0.365799688
2.316877124	0.367155795
2.317547845	0.368702472
2.318358075	0.370087535
2.319084243	0.371663278
2.319839027	0.373207569
2.320593811	0.375122603
2.321430871	0.376978177
2.322158827	0.378946715
2.323024504	0.380846448
2.323723842	0.382312748
2.324310499	0.383242687
2.324925774	0.384363027
2.325623323	0.385775509
2.326462171	0.387694262
2.327356466	0.389920295
2.327998569	0.391326357
2.328726525	0.393100171
2.329452692	0.394726223
2.330262923	0.396330375
2.33098909	0.398236949
2.331688428	0.399787025
2.332414595	0.40150984
2.333280272	0.403703967
2.334092291	0.406020469
2.334789841	0.407685933
2.335460562	0.409515101
2.336270792	0.411500126
2.337165087	0.413557172
2.337864425	0.415338846
2.338506528	0.416738634
2.339093185	0.417886919
2.339737077	0.419232412
2.340491862	0.421083392
2.341328921	0.423640615
2.342251833	0.426345824
2.343062064	0.428677674
2.34392953	0.43118965
2.344627079	0.432588367
2.3452978	0.433702561
2.345997138	0.435308648
2.346694688	0.437046175
2.347533536	0.439690225
2.348177428	0.441083145
2.348987659	0.443406515
2.349713826	0.4456031
2.35046861	0.447862597
2.351194777	0.449537201
2.352060454	0.452176594
2.352843856	0.454295716
2.353543194	0.455762233
2.354129852	0.457263931
2.354800572	0.4587827
2.355526739	0.460650938
2.356226078	0.462834146
2.357063137	0.465289898
2.357873368	0.467929833
2.358685387	0.470383887
2.359467001	0.472852227
2.360166339	0.474402837
2.36083706	0.476117817
2.361479163	0.477677371
2.362289394	0.479798858
2.363072796	0.482424606
2.36382758	0.484612907
2.36452513	0.486658837
2.365251297	0.488881423
2.365979252	0.491124506
2.366705419	0.493142205
2.367628331	0.495900226
2.368325881	0.49810328
2.369025219	0.499911513
2.36969594	0.501488083
2.370366661	0.503499876
2.371121445	0.505984091
2.371987122	0.509041667
2.372797353	0.512127186
2.373552137	0.514351585
2.374390986	0.516955054
2.37514577	0.51948507
2.375787873	0.521045302
2.37637453	0.522650915
2.377045251	0.52435156
2.377884099	0.527189221
2.378610266	0.52966249
2.379393668	0.532623955
2.380148453	0.53467048
2.38087462	0.537261906
2.381656233	0.539715564
2.382663209	0.543645904
2.383444822	0.546691973
2.384115543	0.548460556
2.384843498	0.550737325
2.385541048	0.552818249
2.386240386	0.555204935
2.387022	0.557764304
2.38783223	0.560807609
2.388502951	0.563382186
2.389146843	0.564847617
2.389901628	0.567101757
2.390599177	0.569400722
2.391243069	0.571078385
2.391940619	0.573551148
2.39275085	0.576548093
2.393562869	0.579509225
2.394457163	0.583484374
2.39518333	0.585703436
2.395909497	0.5882101
2.396608836	0.590501501
2.397419066	0.593184517
2.398284743	0.59670471
2.398844572	0.59774237
2.399597568	0.599899392
2.400296906	0.602350205
2.401023073	0.604713445
2.401835092	0.608305406
2.402672152	0.611982614
2.403398319	0.614254989
2.404210338	0.617259453
2.404963334	0.619426572
2.405635843	0.621554963
2.4062225	0.623182868
2.406864604	0.625362877
2.407674835	0.627837184
2.408597746	0.632088978
2.409268467	0.634875836
2.410023252	0.637590375
2.410693972	0.639938404
2.411475586	0.642701477
2.412314434	0.64580829
2.413124665	0.64933243
2.413739939	0.65097893
2.414576999	0.654244549
2.415360401	0.657574652
2.416031121	0.659797885
2.416673225	0.661898875
2.417428009	0.664706022
2.418322304	0.668728743
2.419077088	0.672252849
2.419831873	0.674660695
2.420473976	0.676691234
2.421089251	0.678560903
2.421844035	0.68128113
2.422625648	0.684473787
2.423380433	0.688027635
2.424190664	0.690884681
2.425084958	0.694849641
2.425784296	0.697601443
2.426399571	0.699885773
2.42709712	0.702117617
2.427851905	0.704754143
2.428635307	0.707729486
2.42927741	0.709968421
2.430032195	0.712725538
2.430786979	0.716375197
2.431541764	0.719445739
2.432267931	0.722451408
2.433106779	0.725957636
2.433861563	0.729518489
2.43472724	0.732629797
2.435453407	0.735836831
2.436068682	0.737497956
2.43676802	0.740253233
2.437494187	0.743367749
2.438417099	0.747496276
2.439282776	0.752173738
2.439953497	0.754266421
2.440652835	0.757166354
2.441379002	0.759920552
2.442160615	0.762946544
2.442859953	0.765734404
2.443530674	0.76771645
2.444230013	0.770214855
2.445011626	0.773519853
2.44576641	0.777110609
2.446465749	0.780061939
2.447191916	0.782886918
2.448002146	0.786286586
2.448925058	0.79095401
2.449622608	0.793931471
2.450293329	0.795945085
2.450937221	0.798107182
2.451579324	0.799918101
2.452360937	0.80337781
2.453199785	0.807112503
2.454038634	0.811807712
2.454848864	0.81524455
2.455632266	0.81912457
2.456302987	0.821188083
2.457000537	0.823535678
2.457699875	0.826296323
2.458397424	0.828685615
2.459291719	0.833141408
2.459991057	0.835965726
2.460801288	0.840299914
2.46144518	0.84224574
2.462171347	0.844770008
2.462897514	0.848178729
2.463763191	0.852422801
2.464630656	0.856729182
2.465301377	0.858690989
2.465888034	0.860624397
2.466587373	0.862912499
2.46731354	0.865899263
2.468095153	0.869477473
2.468989447	0.874061611
2.469772849	0.87829452
2.470527634	0.880649595
2.471225183	0.883910974
2.471924522	0.886485314
2.47262386	0.889120076
2.473265963	0.89100638
2.474047576	0.894284416
2.474802361	0.897574335
2.475557145	0.900944996
2.476283312	0.904030857
2.477038097	0.907582811
2.477792881	0.910801125
2.478576283	0.914505775
2.479526024	0.919143503
2.480112681	0.920961683
2.480812019	0.923395792
2.481538186	0.926414559
2.482264353	0.929632724
2.483047755	0.932953258
2.483857986	0.937057691
2.484696834	0.941413024
2.485394384	0.943994375
2.486149168	0.947133688
2.486848507	0.949560003
2.48749061	0.951727782
2.488132713	0.953936204
2.488916115	0.957092364
2.489781792	0.961710455
2.49048113	0.964421454
2.491235915	0.968147873
2.491962082	0.97160708
2.492716866	0.974582777
2.493443033	0.977509141
2.494310499	0.981685087
2.495036666	0.985330735
2.495707387	0.987206389
2.496433554	0.990537094
2.497188338	0.993383511
2.497943123	0.996888297
2.498697907	1.000176011
2.499534967	1.003896892
2.500289751	1.00776619
2.50098909	1.010020956
2.501743874	1.013276039
2.502414595	1.015541655
2.503085316	1.017429387
2.5038401	1.020309853
2.504705777	1.025113207
2.505489179	1.02890758
2.506326239	1.03260641
2.506996959	1.035299852
2.50766768	1.037734828
2.508367018	1.040222801
2.509121803	1.043274852
2.509903416	1.0472597
2.510547308	1.049128714
2.511302093	1.051525208
2.51202826	1.055171966
2.512754427	1.057999756
2.513537829	1.06175443
2.514348059	1.066163716
2.515129673	1.069942175
2.515997138	1.073418604
2.516778752	1.076900549
2.517394026	1.078287118
2.518009301	1.079393341
2.51870685	1.08192006
2.519517081	1.085721142
2.52046861	1.091774618
2.521139331	1.094315091
2.521836881	1.097230128
2.522480773	1.099258932
2.523178322	1.102096144
2.523961724	1.105133233
2.524743338	1.108915556
2.525387229	1.11139173
2.526252906	1.116080418
2.52703452	1.120392468
2.527733858	1.123260474
2.528460025	1.126464199
2.529354319	1.132042253
2.530361295	1.13864242
2.531032016	1.141303847
2.531731354	1.142950624
2.532289394	1.144312319
2.532904668	1.146124225
2.533659453	1.149716113
2.534441066	1.153847209
2.535224468	1.158244064
2.536061527	1.162385109
2.536871758	1.167062079
2.537542479	1.169513901
2.5382132	1.17140056
2.538941155	1.174042805
2.539722769	1.178006391
2.540506171	1.181466949
2.541119657	1.183291097
2.541874441	1.185748982
2.542602397	1.189107271
2.543328564	1.192202997
2.544083348	1.195475915
2.544893579	1.199364746
2.545648363	1.202823923
2.546542658	1.207304714
2.547297442	1.21072743
2.547884099	1.212285285
2.548526203	1.214702724
2.549280987	1.218840694
2.550175282	1.224327977
2.550985512	1.229900242
2.551656233	1.231992492
2.552355571	1.235523134
2.553053121	1.23887157
2.553807906	1.242005303
2.55456269	1.24597523
2.555262028	1.249126099
2.556016813	1.252855572
2.556827043	1.257042115
2.557553211	1.260700512
2.558252549	1.26391945
2.558950098	1.267302195
2.559760329	1.271660376
2.560627795	1.27649846
2.561409408	1.2809088
2.562135575	1.284252593
2.56275085	1.286317144
2.56342157	1.288778067
2.564204972	1.293217446
2.565015203	1.297877254
2.565854051	1.303044957
2.566635664	1.307123122
2.567501341	1.312698993
2.568172062	1.314699461
2.5688714	1.317206721
2.569570739	1.320493189
2.570241459	1.323234031
2.571078519	1.32800815
2.571722411	1.330943192
2.572477195	1.33553587
2.573174745	1.338665969
2.573902701	1.342367168
2.574628868	1.345741071
2.575494545	1.350995672
2.576333393	1.35564405
2.57705956	1.358182258
2.577674835	1.360252361
2.578374173	1.362511528
2.579127169	1.366546934
2.579855124	1.370160029
2.580665355	1.374846898
2.581446968	1.3796857
2.582201753	1.383031374
2.582956537	1.387428415
2.583711322	1.390221977
2.58441066	1.392904678
2.585081381	1.39553198
2.585862994	1.399662735
2.586617779	1.404028497
2.587428009	1.408447366
2.588182794	1.411869181
2.588908961	1.415029563
2.589635128	1.418583552
2.590389912	1.42168029
2.591312824	1.426977126
2.591928099	1.429092085
2.592625648	1.431335942
2.593324987	1.434284361
2.594024325	1.437399519
2.594779109	1.441249898
2.595616169	1.446058098
2.5964264	1.450647221
2.597125738	1.452983206
2.597935969	1.456727905
2.598662136	1.458708777
2.599306028	1.460520025
2.599948131	1.462455286
2.600674298	1.465744179
2.601513146	1.470279876
2.602183867	1.472919007
2.602967269	1.47666022
2.603748882	1.480319414
2.604475049	1.483139588
2.605229834	1.486060463
2.606152745	1.490636306
2.606878913	1.493357336
2.607521016	1.494431587
2.608220354	1.496973005
2.608946521	1.499842818
2.609645859	1.502324255
2.610400644	1.505795571
2.611321767	1.510987762
2.612133786	1.514808644
2.612886782	1.516265487
2.613641567	1.518494512
2.614312288	1.519779933
2.61495618	1.520695991
2.615653729	1.522393838
2.61646396	1.525742486
2.617247362	1.528764423
2.61808621	1.531757753
2.618756931	1.532984834
2.61945448	1.534332417
2.620125201	1.536165835
2.620935432	1.539230479
2.621802898	1.542831774
2.622360937	1.542240765
2.623088893	1.543546731
2.62381506	1.545939289
2.624541227	1.547872856
2.625324629	1.54992472
2.626161688	1.551946467
2.626916473	1.553711203
2.627726704	1.555027943
2.628481488	1.55687786
2.629180826	1.557501582
2.629796101	1.558494701
2.630493651	1.559327292
2.631277052	1.561930252
2.632198176	1.567217086
2.632897514	1.567696411
2.633679127	1.568791369
2.634378465	1.56958578
2.635188696	1.572588225
2.635998927	1.575340171
2.636753711	1.57562317
2.637368986	1.57494009
2.638150599	1.57801346
2.638905384	1.578654179
2.639549276	1.579481048
2.640191379	1.580854033
2.640946163	1.583662832
2.641785012	1.58587091
2.642566625	1.585645256
2.643292792	1.584964695
2.644020748	1.585970023
2.644691468	1.586646295
2.645389018	1.588982951
2.64617242	1.591372249
2.646954033	1.593445237
2.647792881	1.594899624
2.64863173	1.596101358
2.64930245	1.595260055
2.649973171	1.595853963
2.650699338	1.59741069
2.651509569	1.597877838
2.652292971	1.59851901
2.652906457	1.597874096
2.653661241	1.599576249
2.654416026	1.601638674
2.655142193	1.603875137
2.655896977	1.60513525
2.656735825	1.606340806
2.65749061	1.60622544
2.658356287	1.606642757
2.659111071	1.60652685
2.659697728	1.605016317
2.66034162	1.60642238
2.66103917	1.607670525
2.661906636	1.610230805
2.662772313	1.610478642
2.663443033	1.607276452
2.664169201	1.608351516
2.664868539	1.608922343
2.665623323	1.608124885
2.666378108	1.607390455
2.667132892	1.608653045
2.667887677	1.610022382
2.668697907	1.610766516
2.669395457	1.608975453
2.670039349	1.60802322
2.67071007	1.609193259
2.6715203	1.611554708
2.672414595	1.613329238
2.673196208	1.612352671
2.673950993	1.613340583
2.67453765	1.612096216
2.675181542	1.612590907
2.675907709	1.614286635
2.676746557	1.615432544
2.677640851	1.617231067
2.678477911	1.6284292
2.679316759	1.641962167
2.679958862	1.650918722
2.680602754	1.659004753
2.681328921	1.668021606
2.68202826	1.676235606
2.682783044	1.684360217
2.683453765	1.688886686
2.684235378	1.694469033
2.684934717	1.694589593
2.68571633	1.696623716
2.686499732	1.697204233
2.687420855	1.698835427
2.688259703	1.69940854
2.688959041	1.699529244
2.689517081	1.698060362
2.690187802	1.699427003
2.690913969	1.701322316
2.691641925	1.701310722
2.692452155	1.701586855
2.693233769	1.700643
2.694043999	1.702657274
2.694798784	1.702661909
2.695498122	1.704886454
2.69619746	1.707649015
2.696868181	1.708546576
2.697621177	1.712183385
2.698404579	1.715475771
2.69921481	1.725841386
2.699940977	1.735255293
2.700695761	1.742970942
2.701421928	1.744408231
2.702260776	1.750139109
2.703183688	1.758706385
2.703825791	1.765630558
2.704469683	1.772946887
2.705140404	1.780736808
2.705811125	1.788379452
2.706564121	1.796727251
2.70737614	1.806995599
2.708186371	1.81759227
2.708912538	1.825310597
2.709667322	1.834196481
2.71039349	1.84082151
2.711092828	1.847085906
2.711734931	1.852752378
2.712489716	1.860184381
2.71338401	1.87087287
2.714054731	1.877152707
2.714809515	1.884834922
2.715507065	1.89144263
2.716261849	1.898721142
2.717045251	1.906824522
2.717994992	1.916695417
2.718721159	1.924876244
2.719365051	1.928582361
2.720007154	1.933415763
2.720706493	1.93902909
2.72143266	1.945466554
2.72224289	1.95318216
2.723108567	1.961766468
2.723863352	1.968582708
2.72456269	1.971845259
2.725288857	1.977387076
2.725988195	1.981934605
2.726630299	1.985182393
2.727385083	1.990904182
2.728195314	1.999104138
2.728921481	2.004420008
2.729760329	2.009821388
2.730486496	2.015077277
2.731185834	2.018857749
2.731885173	2.023597685
2.73275085	2.031860138
2.73370059	2.042411969
2.734231801	2.044638933
2.734931139	2.049040919
2.735628689	2.054642427
2.736328027	2.059419342
2.737054194	2.065047414
2.737893042	2.072312335
2.738676444	2.080019304
2.739570739	2.087771195
2.740380969	2.094458982
2.741023073	2.098356906
2.74160973	2.100597345
2.742280451	2.10460738
2.743119299	2.111742852
2.74406904	2.121351221
2.744768378	2.125741094
2.745494545	2.131925736
2.746138437	2.137436612
2.746835986	2.143954733
2.747646217	2.151286573
2.748456448	2.160089668
2.749071722	2.164209452
2.749826507	2.171508413
2.750581291	2.177978209
2.751278841	2.181972385
2.751978179	2.177351979
2.75278841	2.185999147
2.753655876	2.196561671
2.754437489	2.206403193
2.755163656	2.211660974
2.755807548	2.216833076
2.756449651	2.221434854
2.757148989	2.227336997
2.75795922	2.235221563
2.758769451	2.244890937
2.759579682	2.252916454
2.76041853	2.262575398
2.761116079	2.267921345
2.761759971	2.271002927
2.762486138	2.276376625
2.763296369	2.283385551
2.764051154	2.291035005
2.764693257	2.295466433
2.765421213	2.301183013
2.766175997	2.307982638
2.766902164	2.314453031
2.767656949	2.320994607
2.768467179	2.328313987
2.769221964	2.335060917
2.770087641	2.342434668
2.770842425	2.350204259
2.771429082	2.352402255
2.772071186	2.355575773
2.772770524	2.361074859
2.773553926	2.368725553
2.77444822	2.378884858
2.775090324	2.382862816
2.775871937	2.389616546
2.776655339	2.396153996
2.777436952	2.402759601
2.778164908	2.408945685
2.778891075	2.414424564
2.779645859	2.420462458
2.780484708	2.42890294
2.781294938	2.436768953
2.782021105	2.442681033
2.782720444	2.447774029
2.783473439	2.45462435
2.784340905	2.462200427
2.785011626	2.466743604
2.785709175	2.470313624
2.78632445	2.473101619
2.786968342	2.476360165
2.787778573	2.483655254
2.788588803	2.490709748
2.789427652	2.499038231
2.790153819	2.503379364
2.790992667	2.511848922
2.791690216	2.516147055
2.792389555	2.519358382
2.793087104	2.523103521
2.793730996	2.5266236
2.79451261	2.532496435
2.79518333	2.536645577
2.795966732	2.543995547
2.796692899	2.549848539
2.79750313	2.55662808
2.798286532	2.563386543
2.799180826	2.572190681
2.799991057	2.579070647
2.800717224	2.582930775
2.801303881	2.585703928
2.801974602	2.588801267
2.802645323	2.593931991
2.803400107	2.599589569
2.804238955	2.608232708
2.805077804	2.617640493
2.805914863	2.625017197
2.806669648	2.63214176
2.807340368	2.635924837
2.808039707	2.639400701
2.808654981	2.643470261
2.809407977	2.648656115
2.810135933	2.65408942
2.810917546	2.661278183
2.811700948	2.669547621
2.812427115	2.675346504
2.813181899	2.681511537
2.813936684	2.687567384
2.814802361	2.696692805
2.815446253	2.700091475
2.816115185	2.704996441
2.816814523	2.710224466
2.817513862	2.716128263
2.818295475	2.723641169
2.819105706	2.731477567
2.819944554	2.741053515
2.820727956	2.748400445
2.821538186	2.757328521
2.822235736	2.761923097
2.822851011	2.765179377
2.823521731	2.769436104
2.824247898	2.776336952
2.82517081	2.7871717
2.825870148	2.794954454
2.826680379	2.803638993
2.827461992	2.811623699
2.828132713	2.817135671
2.82885888	2.821893802
2.829697728	2.830577077
2.830423896	2.837776232
2.831123234	2.841973993
2.831849401	2.8484569
2.832577356	2.855960226
2.833274906	2.862081749
2.834029691	2.869867182
2.834868539	2.8795036
2.835623323	2.889059571
2.836404937	2.895438321
2.837215167	2.903906679
2.837914505	2.909665125
2.838556609	2.913512598
2.839311393	2.920079056
2.840094795	2.928624284
2.840820962	2.935281089
2.841631193	2.94460919
2.842330531	2.950407036
2.843001252	2.956177621
2.843727419	2.961827079
2.844510821	2.969215989
2.845321052	2.977520789
2.845907709	2.981740276
2.846662493	2.987453203
2.847360043	2.994969003
2.848114827	3.002185358
2.848869612	3.00981372
2.84970846	3.020373072
2.850490073	3.029423626
2.851357539	3.038820097
2.852139152	3.047629997
2.85283849	3.05299182
2.85339653	3.056044524
2.854067251	3.060469756
2.854877482	3.069618864
2.855829011	3.082861728
2.856499732	3.089594662
2.857252728	3.097193656
2.857923448	3.103226647
2.858651404	3.109210491
2.859488464	3.117662677
2.860271865	3.127428095
2.860858523	3.12948288
2.861641925	3.137750467
2.862368092	3.145867975
2.863094259	3.152392253
2.863820426	3.160471147
2.864603828	3.169027901
2.865442676	3.179180108
2.866224289	3.190004861
2.866950456	3.194513823
2.867649794	3.200525668
2.868291898	3.205607596
2.869019853	3.212273504
2.869801467	3.221632266
2.870584869	3.231889718
2.871366482	3.24013688
2.87220533	3.251794156
2.872876051	3.258161922
2.873518154	3.26221014
2.874244321	3.268347877
2.875027723	3.27695889
2.87575389	3.283950542
2.876397782	3.289682283
2.877150778	3.297237717
2.877878734	3.304951351
2.878633518	3.312974588
2.879415131	3.322409134
2.880225362	3.332087969
2.88106421	3.342860925
2.881958505	3.353267798
2.882657843	3.36099529
2.883215883	3.363070306
2.883857986	3.36763378
2.884612771	3.375249776
2.885507065	3.387010492
2.886401359	3.403055703
2.887100698	3.408596201
2.887771418	3.414312242
2.888497585	3.420418444
2.88925237	3.427735341
2.889951708	3.434483087
2.890622429	3.44032438
2.891319979	3.446868106
2.892158827	3.457086169
2.892913611	3.467623748
2.893639778	3.474973163
2.894365945	3.482902396
2.895177965	3.492299769
2.896099088	3.50425682
2.89688249	3.514368573
2.897608657	3.521483426
2.898166696	3.524955864
2.898837417	3.529698354
2.899620819	3.539870959
2.900402432	3.549745916
2.901185834	3.559674109
2.901885173	3.565919741
2.902695403	3.577230931
2.903392953	3.584082442
2.904063674	3.589376421
2.904847076	3.597103381
2.905544625	3.605028448
2.906383473	3.616235794
2.907054194	3.624158447
2.907837596	3.634217745
2.908508317	3.642031797
2.909263101	3.650255891
2.910016097	3.659177134
2.910883563	3.671030073
2.911665176	3.680808793
2.912393132	3.686602372
2.913006618	3.691812283
2.91365051	3.696876913
2.914405294	3.706566198
2.915215525	3.717608273
2.916193883	3.733425268
2.917004114	3.746874352
2.917758898	3.755144077
2.918485065	3.761613309
2.919127169	3.767139426
2.919853336	3.773404406
2.920497228	3.779542289
2.921194777	3.786450343
2.921949562	3.796322596
2.922732964	3.807261415
2.923487748	3.816118242
2.924242533	3.82609757
2.9249687	3.835065136
2.925723484	3.843258344
2.926644607	3.856081639
2.927343946	3.863464221
2.928043284	3.871199856
2.928714005	3.877523997
2.929384725	3.884410829
2.930137721	3.892973972
2.930892506	3.902454179
2.931702737	3.914582359
2.932486138	3.923526255
2.933296369	3.933702355
2.934022536	3.941876811
2.934693257	3.947384579
2.935363978	3.953549354
2.936063316	3.960620741
2.936928993	3.97370003
2.937628331	3.981434388
2.938383116	3.9910735
2.939082454	4.000383957
2.939808621	4.007603332
2.940563405	4.016692458
2.941429082	4.02837502
2.942183867	4.037238914
2.942883205	4.043521524
2.943552137	4.050585742
2.944280093	4.058930577
2.945034877	4.068700615
2.945761045	4.077426202
2.946571275	4.087939159
2.947410123	4.101785022
2.94813629	4.108691871
2.948917904	4.117723277
2.949645859	4.125720195
2.950343409	4.132855153
2.951071365	4.141305462
2.951908424	4.153205786
2.952691826	4.164589483
2.953446611	4.174714434
2.954088714	4.180729918
2.954788052	4.188382634
2.955514219	4.195275897
2.956269004	4.204050083
2.957134681	4.215766602
2.957721338	4.222636235
2.958449294	4.229615984
2.959146843	4.23811133
2.959901628	4.248225344
2.960711858	4.26066489
2.961579324	4.274797872
2.96233232	4.285869354
2.963144339	4.296252352
2.963870506	4.304673567
2.964596673	4.31224799
2.965238777	4.31819099
2.965882669	4.324635051
2.966664282	4.334071948
2.967474513	4.346818144
2.968118405	4.354005021
2.968900018	4.36425937
2.969627974	4.37441581
2.970438204	4.384461465
2.971219818	4.395061499
2.972003219	4.40557443
2.972616705	4.410202568
2.973428725	4.421618823
2.974265784	4.434760631
2.974965123	4.444858647
2.975664461	4.452850688
2.976417457	4.463132047
2.977284922	4.475867482
2.978011089	4.48690168
2.978710427	4.492251346
2.979407977	4.500140541
2.980023252	4.50567643
2.980749419	4.515395976
2.981504203	4.525471997
2.982258988	4.537714976
2.983069218	4.547338424
2.983963513	4.564536887
2.984718297	4.574752649
2.985389018	4.58079994
2.986115185	4.588338487
2.986925416	4.599746139
2.9876802	4.610788057
2.988324092	4.616972628
2.989078877	4.626903562
2.989749598	4.63485038
2.990475765	4.644602033
2.991230549	4.65454541
2.992069397	4.666889183
2.992851011	4.677742664
2.993689859	4.688523838
2.994387408	4.696798054
2.995002683	4.701653056
2.995644786	4.708127208
2.996372742	4.716601077
2.997209801	4.72940601
2.998104096	4.748017428
2.998774817	4.75507718
2.999502772	4.764907332
3.000257557	4.7733261
3.001010553	4.783156485
3.001822572	4.794568417
3.002520122	4.804080044
3.003246289	4.812588509
3.004058308	4.82504425
3.004811304	4.837027918
3.005482025	4.844358063
3.006152745	4.851547277
3.006936147	4.861461021
3.007830442	4.876615867
3.008556609	4.886734972
3.009311393	4.894938719
3.00989805	4.900641658
3.010513325	4.90492981
3.011268109	4.914701479
3.012049723	4.925913317
3.012917188	4.94046397
3.013671973	4.951138871
3.01453765	4.966060449
3.015236988	4.973939741
3.015907709	4.979299674
3.016633876	4.986483778
3.017331426	4.99484957
3.018198891	5.009031739
3.018869612	5.017289131
3.019624396	5.029250599
3.020321946	5.038113603
3.02107673	5.048279397
3.021860132	5.059581083
3.022781256	5.074129733
3.023620104	5.089005607
3.024319442	5.096375879
3.024906099	5.101028105
3.025548202	5.106570883
3.02627437	5.11650158
3.027057771	5.128125305
3.02789662	5.142140513
3.028622787	5.154474658
3.0294044	5.161718879
3.030132356	5.170613023
3.030858523	5.178565927
3.03158469	5.186618673
3.032284028	5.195256924
3.032981578	5.204088876
3.033736362	5.214714815
3.034546593	5.227883018
3.035274548	5.240044772
3.036000715	5.249475054
3.0367555	5.261063967
3.037537113	5.271494388
3.038431408	5.28609591
3.039102128	5.293171486
3.03974602	5.301195954
3.04044357	5.309341273
3.041114291	5.318412139
3.041869075	5.328070006
3.042652477	5.342170423
3.043489537	5.356590087
3.044301556	5.368401413
3.045138616	5.382446285
3.045837954	5.391108909
3.046480057	5.396784803
3.047150778	5.403897314
3.047878734	5.413372633
3.048773028	5.42987691
3.049443749	5.439600189
3.050196745	5.451199822
3.0509247	5.461374005
3.05162225	5.469917384
3.052350206	5.480148213
3.0532445	5.494210081
3.054054731	5.507932953
3.054725452	5.515763186
3.055338938	5.521666957
3.056009658	5.52952683
3.056737614	5.538954695
3.057519227	5.551334232
3.058413522	5.56913951
3.05925237	5.585585415
3.059951708	5.592055651
3.060649258	5.599768759
3.061348596	5.608463807
3.062019317	5.615499441
3.062716866	5.624661222
3.063528886	5.637674289
3.064281882	5.650193957
3.06512073	5.665124653
3.065846897	5.676482709
3.066574852	5.685405342
3.067301019	5.69432825
3.06811125	5.705684594
3.069060991	5.723566429
3.069620819	5.729208782
3.070346986	5.736655881
3.071046324	5.746062261
3.071772492	5.753613449
3.072527276	5.758356796
3.073308889	5.743806162
3.074092291	5.743825096
3.074957968	5.746667663
3.075712753	5.749916326
3.076412091	5.751321762
3.076970131	5.748687358
3.077585405	5.747360091
3.078367018	5.751689618
3.079318548	5.763012137
3.080044715	5.763291318
3.080799499	5.764507264
3.081525666	5.763852573
3.082309068	5.766496782
3.083146128	5.770003569
3.083874083	5.774265492
3.08446074	5.771284108
3.085186908	5.776330302
3.085913075	5.782706034
3.086612413	5.787902462
3.087309962	5.794155097
3.088093364	5.80310568
3.088987659	5.818077488
3.089769272	5.829520618
3.090524057	5.832816235
3.091252012	5.839017894
3.091894116	5.842398775
3.092593454	5.848845808
3.093403684	5.858610795
3.094158469	5.869606288
3.0949687	5.878368997
3.09577893	5.891032963
3.09647648	5.897393663
3.097175818	5.903044359
3.097901985	5.910377352
3.098712216	5.921330408
3.099467001	5.931787112
3.100053658	5.935824653
3.100752996	5.9422781
3.101479163	5.951899148
3.102207119	5.9616758
3.102960114	5.972394665
3.10382758	5.985243037
3.104637811	5.997714964
3.105448041	6.007124253
3.106174209	6.015978806
3.106789483	6.019249903
3.107460204	6.025451998
3.108186371	6.035454005
3.109080665	6.049849824
3.109948131	6.069131924
3.110618852	6.074604866
3.111345019	6.083336489
3.112126632	6.092328852
3.112881417	6.101892476
3.113609372	6.110787121
3.114306922	6.119501433
3.114977643	6.124989226
3.115732427	6.135708839
3.116487212	6.146060437
3.117213379	6.15427339
3.117939546	6.165048449
3.118722948	6.175270239
3.119588625	6.188940687
3.120343409	6.199662383
3.121069576	6.206377415
3.121684851	6.211356885
3.122355571	6.217642435
3.123138973	6.229529958
3.123920587	6.240498093
3.124730817	6.253793931
3.125458773	6.262174178
3.12632445	6.278332091
