1	2.42131E-05
1.00009357	0.000532737
1.000248855	0.000387506
1.000621143	0.000533019
1.001493132	0.00063048
1.003018117	0.000971446
1.004417679	0.000948482
1.005568385	0.000657393
1.006438383	0.00095039
1.007403942	0.000658593
1.008150508	0.000634671
1.010700776	0.00090547
1.011479196	0.001787845
1.012381047	0.001446259
1.013344615	0.001692997
1.014152897	0.002062684
1.014899462	0.001548152
1.015646028	0.000762349
1.016486164	0.000615306
1.017358152	0.001108502
1.018353574	0.001010956
1.019223572	0.001085856
1.02009556	0.002050071
1.020903842	0.001631469
1.021682262	0.001731665
1.022428827	0.002030004
1.023175393	0.002081035
1.023983675	0.001933916
1.024853673	0.001811485
1.025693808	0.001788134
1.02650209	0.002038091
1.02728051	0.002089384
1.028088792	0.002066135
1.028990643	0.002391843
1.030017918	0.002369291
1.030670914	0.002295926
1.03141748	0.002822038
1.032257615	0.002424431
1.033065897	0.002676466
1.033937886	0.002628656
1.034871591	0.002706202
1.035773442	0.002558085
1.036520008	0.002785804
1.037451722	0.002562229
1.038323711	0.002815793
1.039038423	0.002490673
1.039723273	0.002769239
1.040563408	0.003149405
1.041526976	0.002874917
1.042273542	0.003154581
1.043175393	0.002904726
1.044047382	0.003286348
1.044855664	0.003314191
1.045695799	0.003215578
1.046723074	0.00329477
1.04746964	0.00329712
1.048152499	0.00352768
1.048962771	0.003530407
1.049771053	0.003609382
1.050549472	0.003612059
1.051357754	0.004098513
1.052259606	0.003872723
1.053129604	0.003697428
1.05387617	0.003980743
1.054748158	0.003830804
1.055588294	0.003629383
1.056303006	0.00398991
1.057143142	0.003993083
1.058044993	0.003945253
1.058853275	0.004025181
1.059725264	0.004310747
1.06047183	0.004570557
1.061311965	0.004419992
1.062120247	0.004423358
1.063053952	0.004710384
1.064049373	0.00448292
1.064702369	0.004769248
1.065510651	0.004850266
1.066350786	0.00487991
1.067159068	0.004961127
1.067937488	0.004861314
1.068807486	0.004994669
1.069679474	0.004843343
1.070581326	0.004977037
1.071576747	0.004929772
1.072385029	0.004959456
1.073038025	0.005300236
1.073722875	0.005589599
1.074531157	0.005411682
1.075526578	0.005598988
1.076243281	0.005733015
1.077083416	0.005659252
1.077859845	0.005793823
1.078731834	0.005850749
1.079665539	0.005751245
1.08056739	0.00596536
1.081250249	0.00599531
1.082122238	0.00573813
1.082962373	0.005821251
1.083708939	0.005825264
1.084455505	0.005986825
1.08529564	0.006096576
1.086197492	0.006233143
1.087161059	0.006159702
1.088001195	0.00621715
1.088809476	0.006511766
1.089494326	0.006700522
1.090240892	0.006599521
1.091081027	0.00655177
1.092014732	0.007112638
1.092916584	0.006853884
1.093880151	0.006727495
1.094626717	0.006891113
1.095373283	0.006922335
1.096181565	0.007113236
1.097053554	0.007172021
1.097861836	0.007017809
1.098578539	0.00715539
1.099416683	0.007054369
1.100256819	0.007299525
1.101096954	0.007145133
1.101998805	0.00739113
1.102964364	0.007504431
1.103834362	0.007643986
1.104736213	0.007382741
1.105546486	0.007843223
1.106199482	0.007794287
1.106914195	0.007772521
1.107660761	0.007858223
1.108594465	0.008133272
1.109619749	0.008060192
1.110304599	0.008199586
1.111144734	0.008125078
1.112046586	0.008266303
1.112918575	0.008057207
1.113726856	0.008494527
1.114473422	0.008257358
1.115281704	0.008209337
1.116153693	0.00818873
1.117023691	0.008627859
1.11780211	0.00857974
1.118578539	0.008883626
1.119450528	0.008755025
1.120445949	0.008817069
1.121315947	0.008986818
1.122156082	0.009156576
1.122809078	0.008917225
1.123525781	0.009276569
1.124365917	0.008929589
1.125267768	0.009536168
1.126263189	0.009490063
1.127039618	0.009496605
1.12794346	0.009504221
1.128751742	0.009702345
1.12952817	0.009572273
1.130274736	0.009907009
1.131085009	0.009859337
1.131893291	0.009811569
1.132608003	0.010201699
1.133509855	0.010154931
1.134320127	0.010326982
1.135160263	0.010114745
1.135998407	0.010122213
1.136963966	0.01046117
1.137927533	0.010332272
1.138735815	0.010394756
1.139452518	0.010649605
1.140167231	0.010794319
1.140975513	0.010801972
1.141753932	0.010892277
1.142625921	0.010734597
1.143527772	0.010770758
1.144367908	0.011277427
1.145269759	0.010870357
1.146046188	0.011238467
1.146824607	0.011246101
1.147664742	0.011365493
1.148411308	0.011456307
1.14921959	0.011380891
1.150059725	0.011611983
1.150899861	0.012010601
1.151739996	0.01190782
1.152548278	0.012027804
1.153418276	0.011729677
1.15444555	0.012019651
1.155192116	0.011971482
1.155970536	0.011783622
1.156685248	0.012126991
1.15739996	0.012162508
1.158178379	0.012366989
1.159050368	0.012881456
1.160045789	0.012723989
1.160915787	0.012874078
1.161972925	0.012660722
1.162783197	0.013091869
1.163466056	0.013043215
1.164119052	0.013106909
1.164959188	0.012636845
1.165954609	0.013353427
1.166764882	0.013051946
1.167603026	0.013287492
1.168443161	0.013495094
1.169221581	0.013249291
1.170061716	0.013428795
1.171057137	0.013780479
1.171927135	0.013450205
1.172611985	0.014054308
1.173326697	0.013636727
1.174073263	0.01410025
1.174851682	0.014223386
1.175691818	0.01420509
1.176593669	0.014329942
1.177557237	0.014227629
1.178367509	0.014437142
1.179269361	0.014476745
1.180045789	0.014400559
1.180700776	0.014608671
1.181477205	0.014732706
1.182379056	0.014715323
1.183280908	0.014554642
1.184214613	0.015082249
1.184993032	0.015120855
1.185833167	0.015275139
1.186673303	0.015429626
1.187543301	0.015210906
1.188506868	0.015597354
1.189161855	0.015749916
1.189938284	0.015644951
1.190746566	0.015799737
1.191556839	0.015897042
1.19245869	0.015909074
1.193360542	0.01623895
1.194200677	0.01601906
1.195040812	0.016319686
1.19591081	0.016331567
1.19668923	0.016545025
1.197342226	0.016583045
1.198056938	0.016418892
1.198897073	0.016836811
1.199954211	0.017025985
1.200764483	0.017153778
1.201604619	0.017282158
1.202474617	0.017207324
1.203376468	0.017249367
1.204310173	0.017612672
1.205118455	0.017274337
1.205771451	0.017604847
1.206673303	0.017676449
1.207451722	0.01777556
1.208198288	0.017845059
1.208976707	0.017710191
1.209846705	0.017869407
1.21078041	0.018264315
1.211620545	0.018247651
1.212396974	0.018406124
1.213207247	0.018535927
1.213921959	0.018546846
1.214730241	0.018706257
1.21560223	0.018601952
1.216472228	0.018556356
1.217374079	0.019130164
1.2183695	0.018880302
1.21914792	0.019069481
1.219832769	0.019168801
1.220641051	0.019033725
1.22151304	0.019490971
1.222383038	0.01941606
1.223067888	0.019545395
1.223908023	0.019588455
1.224716305	0.019749662
1.225524587	0.019822044
1.226364722	0.020162267
1.227173004	0.019908133
1.22801314	0.020219103
1.229008561	0.020295008
1.229880549	0.020428524
1.230563408	0.020678233
1.231309974	0.02063115
1.232150109	0.020675061
1.233145531	0.021229212
1.234140952	0.02049929
1.234825801	0.021168442
1.235634083	0.020853195
1.236444356	0.021435694
1.237314354	0.021360899
1.238092773	0.021404316
1.238839339	0.021417222
1.239615767	0.021940899
1.240487756	0.021836189
1.241357754	0.02188156
1.242168027	0.021986073
1.242976309	0.022150861
1.243846307	0.022497656
1.244873582	0.022455952
1.24574358	0.022562136
1.246521999	0.022546052
1.247174995	0.022859842
1.247921561	0.022903742
1.248761696	0.022979634
1.249601832	0.022904324
1.250535537	0.02286088
1.251375672	0.023330733
1.252277523	0.023135297
1.253024089	0.02308841
1.253832371	0.023619409
1.25461079	0.023603695
1.255419072	0.023953274
1.256352777	0.02403193
1.257129206	0.024198976
1.258031057	0.024124954
1.258809476	0.02429228
1.259649612	0.024399992
1.260489747	0.024690949
1.261421461	0.024373228
1.262325304	0.024635211
1.263071869	0.02464978
1.263724866	0.024815517
1.264439578	0.024860168
1.265279713	0.024968595
1.266119849	0.02538371
1.267083416	0.025525748
1.268017121	0.025022614
1.268918973	0.02559345
1.269790962	0.025426565
1.270599243	0.025627341
1.271313956	0.025826451
1.272060522	0.025964819
1.27293251	0.025890153
1.273740792	0.026400051
1.274549074	0.026385943
1.275357356	0.026526198
1.276167629	0.026388551
1.276944057	0.0265592
1.277784193	0.026824186
1.278811467	0.02675286
1.279587896	0.026893034
1.280334461	0.027218733
1.281174597	0.027050466
1.28198487	0.027564227
1.282793152	0.027519485
1.283695003	0.027632079
1.284658571	0.027963875
1.285530559	0.02804511
1.286400557	0.02778376
1.287147123	0.027799885
1.287831973	0.028188864
1.288546685	0.028329307
1.289386821	0.028378998
1.290352379	0.02849398
1.291128807	0.028729961
1.291968943	0.02881122
1.292840932	0.028705451
1.293681067	0.029131317
1.294519212	0.028742715
1.295514633	0.028921658
1.296293052	0.029158747
1.297007764	0.029363251
1.2978479	0.029665095
1.298626319	0.029840106
1.299404738	0.029857993
1.300242883	0.030066149
1.301176588	0.030308278
1.302048577	0.02976111
1.302795142	0.030661426
1.303635278	0.030491808
1.304411706	0.030667888
1.305128409	0.030779542
1.305904838	0.030892713
1.306870396	0.031010484
1.307772248	0.03125354
1.308674099	0.03130678
1.309450528	0.031420471
1.310290663	0.030933012
1.311069082	0.031395819
1.311877364	0.031637527
1.312842923	0.031597236
1.313525781	0.031581867
1.314272347	0.032268091
1.315112483	0.032065818
1.315952618	0.032532388
1.316792753	0.032266205
1.317694605	0.032766885
1.318566594	0.032533156
1.319468445	0.032970737
1.320338443	0.032832629
1.321055146	0.033138332
1.321738005	0.032963442
1.322516424	0.033335099
1.323418276	0.033261699
1.324507267	0.03341735
1.325221979	0.03388461
1.326062114	0.033906092
1.326840534	0.033797488
1.327680669	0.033947477
1.328612383	0.0339713
1.329422656	0.03441048
1.330105515	0.034492567
1.331009357	0.034193727
1.331847501	0.034408748
1.332625921	0.034364325
1.333372487	0.035029277
1.334244475	0.035213716
1.335239896	0.035078336
1.336078041	0.035068005
1.336824607	0.035411286
1.337664742	0.035368763
1.338349592	0.036034982
1.339096158	0.035957812
1.339936293	0.03604526
1.340869998	0.036395043
1.34167828	0.036059634
1.342611985	0.03631229
1.343388413	0.03659351
1.344134979	0.036418572
1.344975114	0.037027523
1.34581525	0.036692203
1.346687239	0.037237696
1.347463667	0.037357044
1.348303803	0.037478275
1.349112084	0.037533409
1.349890504	0.0379146
1.350730639	0.037970902
1.351694207	0.038194362
1.352566196	0.037989753
1.35349791	0.037655426
1.354276329	0.038234533
1.354929325	0.038384196
1.355675891	0.038569471
1.356516026	0.038560528
1.357449731	0.039145826
1.358538722	0.038815392
1.359285288	0.039297497
1.360125423	0.03902539
1.360933705	0.039641725
1.36177384	0.03946836
1.362550269	0.039556847
1.363296835	0.039908617
1.364107107	0.039932336
1.365008959	0.040090941
1.365940673	0.039919864
1.366719092	0.040207353
1.367527374	0.040330468
1.368399363	0.040687516
1.369394784	0.0408829
1.370171212	0.041171488
1.370887916	0.041126637
1.371572765	0.040914713
1.372287478	0.041367988
1.373221183	0.041662134
1.374123034	0.04158968
1.375086602	0.041818614
1.375894884	0.041743252
1.376766872	0.042169736
1.377545292	0.042360352
1.37832172	0.042384227
1.379100139	0.042441556
1.379846705	0.042765225
1.38078041	0.042827596
1.381526976	0.043620125
1.382428827	0.043079562
1.383268963	0.043206222
1.384077245	0.043566596
1.38482381	0.043724219
1.385725662	0.043584931
1.386721083	0.043784123
1.387529365	0.043776048
1.388246068	0.044269251
1.38905435	0.044295026
1.389894485	0.044321817
1.390734621	0.044651673
1.391666335	0.044546801
1.392476608	0.044471589
1.393253036	0.04527229
1.394031455	0.044926292
1.394807884	0.04515395
1.395648019	0.045316319
1.396394585	0.045408182
1.397266574	0.045741027
1.398168425	0.04593982
1.399070277	0.045562942
1.399910412	0.046132641
1.400688831	0.045886973
1.401435397	0.046488293
1.402243679	0.046616963
1.403268963	0.046617071
1.404015529	0.047151805
1.404825801	0.047213032
1.405634083	0.047240196
1.406380649	0.047605815
1.407159068	0.047632164
1.40806092	0.047730879
1.409056341	0.04807168
1.409896476	0.048100342
1.410766474	0.048334977
1.41151304	0.048736504
1.412259606	0.048420329
1.412974318	0.048992233
1.413784591	0.048883399
1.414716305	0.048915615
1.415462871	0.049421246
1.41633486	0.049005872
1.417204858	0.049173234
1.41801513	0.04944169
1.418823412	0.049779059
1.419818833	0.050020252
1.420720685	0.049776824
1.421435397	0.050421377
1.422213816	0.050793351
1.423022098	0.050960041
1.423832371	0.050851156
1.424670516	0.051329533
1.425574358	0.051085958
1.426444356	0.050806287
1.427129206	0.051487228
1.427969341	0.05165584
1.428809476	0.051755423
1.429524189	0.051712086
1.430364324	0.051950278
1.431298029	0.05243472
1.432168027	0.052744009
1.433101732	0.052639596
1.43397173	0.052914598
1.434782003	0.052666574
1.435528569	0.053493425
1.436366713	0.053315985
1.437270555	0.053453936
1.438017121	0.053760253
1.43879355	0.053719604
1.439601832	0.054133212
1.440380251	0.054511243
1.44125224	0.054788523
1.442215807	0.054894994
1.443055943	0.054787209
1.443957794	0.05510115
1.44479793	0.054888328
1.445544495	0.0552317
1.446229345	0.05536292
1.447005773	0.05581308
1.447907625	0.055707632
1.448996616	0.055714446
1.449713319	0.05602282
1.450521601	0.056299906
1.451298029	0.056611165
1.452138164	0.056608776
1.453010153	0.056748314
1.453880151	0.057063916
1.454596854	0.056986385
1.455528569	0.056987644
1.456338841	0.05733673
1.457085407	0.057366123
1.457861836	0.057890882
1.458672108	0.058452841
1.459603822	0.057960055
1.460505674	0.058384864
1.46125224	0.05845009
1.462030659	0.058799829
1.462745371	0.059147331
1.463555644	0.058967472
1.464425642	0.059250732
1.465327494	0.059429142
1.466261198	0.059573518
1.467194903	0.06032196
1.467941469	0.060139394
1.468656182	0.060559842
1.469434601	0.060663099
1.470336452	0.060807135
1.471176588	0.060841879
1.471923153	0.061300432
1.472731435	0.061191456
1.473571571	0.061511801
1.474379853	0.061581241
1.475188135	0.061900752
1.47612184	0.062261604
1.477055544	0.062444043
1.478019112	0.062377417
1.478797531	0.06287575
1.479418674	0.063224551
1.48016524	0.063543171
1.481005375	0.063758536
1.481970934	0.063656572
1.482966355	0.063340258
1.483681067	0.06405335
1.484427633	0.064445006
1.485235915	0.064911642
1.48607605	0.06509229
1.486916186	0.064949075
1.487662751	0.065089748
1.488502887	0.065595042
1.489372885	0.065597319
1.49021302	0.065850817
1.491023293	0.066103236
1.491861437	0.066826723
1.492733426	0.066648921
1.493696994	0.066872778
1.494537129	0.067344639
1.495377265	0.067056627
1.496062114	0.067522029
1.496776827	0.067844218
1.497710532	0.067959069
1.498612383	0.068507995
1.499546088	0.068478061
1.500386223	0.0687344
1.501194505	0.068807777
1.501941071	0.068841996
1.502687637	0.069385601
1.503495919	0.069714157
1.504242485	0.06953024
1.50508262	0.069860615
1.505829186	0.07047864
1.506762891	0.070485857
1.507603026	0.070890196
1.508443161	0.070856652
1.509281306	0.071151833
1.510215011	0.071707788
1.511148716	0.071642353
1.511988851	0.072158112
1.512673701	0.072190796
1.51335656	0.072296671
1.514166833	0.072702006
1.515004977	0.073109078
1.515908819	0.073152694
1.516810671	0.073086035
1.517618953	0.073933398
1.518520804	0.073646421
1.51936094	0.074091839
1.520139359	0.07424022
1.520822218	0.075083693
1.521632491	0.074865792
1.522502489	0.075166648
1.523374477	0.075541669
1.524212622	0.075915384
1.525022895	0.076029592
1.52586303	0.076367043
1.526733028	0.076188784
1.527760303	0.076794925
1.528506868	0.077017501
1.529283297	0.077278795
1.530061716	0.077540416
1.530808282	0.07757825
1.531616564	0.078027149
1.532550269	0.078482901
1.533483974	0.078567847
1.534292256	0.079575158
1.535162254	0.079285741
1.535972526	0.079662304
1.536719092	0.079403355
1.537433804	0.07984977
1.53827394	0.079856158
1.539269361	0.08046689
1.540015927	0.080655071
1.540885925	0.080849874
1.541757914	0.080932958
1.542566196	0.081423591
1.543344615	0.081651525
1.544246466	0.081998366
1.545054748	0.082116106
1.545771451	0.082678187
1.546518017	0.082942794
1.547326299	0.082798816
1.548102727	0.082952817
1.548974716	0.083487112
1.549938284	0.08372669
1.550903842	0.08396661
1.551680271	0.084421927
1.552520406	0.085031505
1.553266972	0.084921957
1.553983675	0.085600796
1.554853673	0.085686367
1.555849094	0.085703552
1.556750946	0.086318636
1.557652797	0.08655722
1.5583695	0.086710245
1.559116066	0.087091544
1.559924348	0.087212235
1.560764483	0.087561533
1.561698188	0.087727356
1.562381047	0.088257506
1.56319132	0.088076179
1.564029464	0.088691453
1.564839737	0.088888959
1.565679873	0.089239962
1.566581724	0.089481024
1.567483576	0.089760258
1.568291857	0.090338168
1.569131993	0.090652517
1.569910412	0.090697488
1.570625124	0.091157105
1.571403544	0.091316429
1.572305395	0.09174954
1.573394386	0.091851183
1.574109098	0.092388389
1.574979096	0.092515721
1.575725662	0.092826647
1.576535935	0.093256109
1.57737607	0.093343998
1.578184352	0.093812169
1.578869202	0.093585274
1.579800916	0.094290781
1.580672905	0.094342826
1.581481187	0.094505946
1.582227752	0.094933665
1.583099741	0.094870989
1.584031455	0.095770618
1.584903444	0.095708213
1.585711726	0.096025788
1.586490145	0.096725961
1.587173004	0.096998176
1.58791957	0.097159147
1.588759705	0.097595239
1.589631694	0.097610314
1.59047183	0.098162535
1.591497113	0.0986497
1.592369102	0.098703751
1.593115668	0.099367215
1.593892096	0.099299864
1.594764085	0.099663102
1.595604221	0.100140584
1.596380649	0.100305273
1.597220784	0.10066745
1.598031057	0.101221531
1.598839339	0.101040452
1.599679474	0.101945675
1.600581326	0.102003149
1.601483177	0.102254507
1.602478598	0.102628472
1.60328688	0.10291316
1.603939877	0.103071584
1.60465658	0.103545031
1.605464862	0.103402822
1.606398567	0.104163084
1.607362134	0.103992049
1.608076847	0.104622336
1.608887119	0.104791921
1.609727255	0.105626171
1.610658969	0.105765306
1.611469241	0.106013606
1.6121521	0.105980459
1.61293052	0.106812711
1.613770655	0.107024645
1.61461079	0.107432214
1.615450926	0.107644575
1.61628907	0.107935236
1.617161059	0.10807178
1.61815648	0.109039455
1.619026478	0.108941273
1.619836751	0.109348786
1.620457894	0.109351481
1.621142743	0.109947235
1.622012741	0.110124061
1.62288473	0.110536919
1.623818435	0.11067915
1.624626717	0.111599661
1.625590285	0.111350966
1.626400557	0.111760891
1.627238702	0.111976087
1.628048975	0.112544306
1.628763687	0.112988086
1.629635676	0.113719371
1.630382242	0.113534608
1.631284093	0.114150388
1.632092375	0.11436502
1.632900657	0.114540271
1.633708939	0.11471564
1.634612781	0.115056159
1.635576349	0.115163584
1.636384631	0.116528019
1.63706948	0.116497511
1.637784193	0.116548371
1.638594465	0.116844085
1.639496317	0.117305366
1.640459885	0.118208441
1.64130002	0.117593384
1.642078439	0.118285311
1.642916584	0.118385466
1.643788573	0.119323926
1.644628708	0.119544198
1.645375274	0.1200367
1.646151702	0.120252777
1.646961975	0.12047148
1.647831973	0.121053806
1.648733824	0.121479347
1.649544097	0.12169881
1.650352379	0.121878323
1.651192514	0.122380152
1.652187935	0.122973988
1.652902648	0.123187272
1.653649214	0.123523192
1.654395779	0.12393948
1.655174199	0.123917642
1.656014334	0.124541901
1.656916186	0.124770202
1.657879753	0.125083615
1.658719889	0.12570928
1.659589887	0.126136868
1.660400159	0.12664069
1.661146725	0.127381397
1.661829584	0.127111856
1.662669719	0.127337151
1.663696994	0.127617242
1.664475413	0.127757556
1.665313558	0.128426724
1.666091977	0.12901119
1.666870396	0.129475066
1.667678678	0.129739748
1.668642246	0.129895516
1.669544097	0.129884871
1.670228947	0.131191833
1.671007366	0.131091135
1.671783795	0.131880668
1.672594067	0.131904089
1.673464065	0.132094258
1.674429624	0.13225156
1.675361338	0.132730806
1.676078041	0.133436915
1.676979892	0.134036577
1.677726458	0.134664969
1.678441171	0.135941543
1.67921959	0.135476021
1.680153295	0.135632714
1.681023293	0.135906459
1.681956998	0.136022672
1.68276528	0.136128784
1.683573562	0.13672411
1.684320127	0.13727413
1.685160263	0.137546616
1.686155684	0.137750346
1.68680868	0.138375492
1.687587099	0.13897055
1.688427235	0.1395712
1.68926737	0.139599747
1.690137368	0.140039953
1.69103922	0.140237514
1.691941071	0.140844877
1.692844913	0.141452973
1.693714911	0.14185375
1.694461477	0.142162446
1.695146327	0.142671395
1.695892893	0.142528916
1.696794744	0.143056642
1.697851881	0.143515761
1.698504878	0.144187847
1.69931515	0.144626943
1.700091579	0.144693024
1.700899861	0.145461944
1.701771849	0.146113389
1.702673701	0.14594346
1.703388413	0.146953339
1.704322118	0.146745023
1.705194107	0.147480711
1.705970536	0.147754397
1.706717101	0.148356281
1.707527374	0.148550747
1.708459088	0.149210943
1.709331077	0.149369875
1.710077643	0.150097614
1.710854071	0.150331463
1.711600637	0.150438506
1.71241091	0.150924351
1.713280908	0.151540319
1.714152897	0.151907981
1.714993032	0.152314635
1.715988453	0.152693888
1.716796735	0.152641104
1.717543301	0.153539222
1.718351583	0.153611478
1.719253434	0.154274897
1.720125423	0.155019536
1.720840135	0.155250614
1.721680271	0.156076778
1.722488553	0.156150052
1.723328688	0.15626794
1.724168823	0.157262566
1.725038821	0.157341919
1.725849094	0.157708341
1.726750946	0.158208852
1.727559228	0.158826692
1.728244077	0.159308116
1.728990643	0.15983744
1.729798925	0.159451441
1.73073263	0.160710887
1.731789767	0.160892914
1.732536333	0.161507624
1.733344615	0.161792821
1.734154888	0.162414312
1.734993032	0.162786876
1.735803305	0.163283192
1.736549871	0.163479562
1.737358152	0.164354923
1.738228151	0.164310961
1.739100139	0.164561824
1.739878559	0.165098888
1.740686841	0.165428471
1.741556839	0.166017174
1.74245869	0.167284472
1.743362532	0.167202397
1.74423253	0.168130501
1.74491738	0.168281015
1.745663946	0.168987033
1.746504081	0.169110649
1.747344217	0.169784318
1.748339638	0.169669377
1.749177782	0.171021305
1.750049771	0.170979439
1.75082819	0.17147942
1.751666335	0.171815988
1.752444754	0.172231798
1.753253036	0.172523495
1.754218594	0.173213158
1.754871591	0.173320126
1.755679873	0.173569998
1.756394585	0.174150989
1.757173004	0.174525997
1.757981286	0.175542732
1.758883138	0.175590198
1.759878559	0.176413977
1.760718694	0.176839253
1.76146526	0.177084837
1.762211826	0.177543908
1.763083814	0.177930589
1.763953812	0.178402786
1.764919371	0.179440592
1.765789369	0.179144248
1.766597651	0.179739548
1.767407924	0.18033552
1.768248059	0.180464057
1.769024487	0.181314302
1.769771053	0.181819336
1.770579335	0.181945247
1.771451324	0.182892698
1.772321322	0.183154174
1.773161457	0.183369796
1.77397173	0.18384017
1.774780012	0.184353662
1.775620147	0.184913856
1.776645431	0.185967027
1.777362134	0.186085082
1.7781087	0.186507673
1.778855266	0.18684441
1.779601832	0.187310633
1.780410113	0.188085456
1.781250249	0.188821152
1.782183954	0.188747521
1.783053952	0.190048511
1.783925941	0.190271036
1.784795939	0.190925629
1.785604221	0.191055328
1.786320924	0.191478032
1.787097352	0.191777614
1.788031057	0.192440631
1.788809476	0.192914223
1.789679474	0.193311383
1.790551463	0.193752409
1.791359745	0.194143492
1.792106311	0.194788504
1.793069879	0.195240563
1.794003584	0.195906929
1.794750149	0.196336106
1.795558431	0.196250624
1.79633685	0.197249095
1.79711527	0.197726193
1.797891698	0.198159879
1.798825403	0.198741896
1.799727255	0.19836219
1.800505674	0.199494285
1.801345809	0.200067148
1.802183954	0.200509329
1.80293052	0.200985281
1.803708939	0.201465117
1.80461079	0.202133887
1.805450926	0.202840007
1.806291061	0.20319681
1.80706948	0.203984453
1.807907625	0.204429264
1.808717898	0.20456468
1.809558033	0.204922589
1.810583317	0.205740133
1.811268166	0.205686385
1.812046586	0.206915537
1.812823014	0.206653045
1.813631296	0.207623457
1.814503285	0.208250498
1.815466852	0.208932541
1.816400557	0.209567764
1.817334262	0.210467549
1.818174398	0.210432775
1.818950826	0.211227316
1.81957396	0.211343736
1.820288672	0.211867498
1.821128807	0.212141663
1.822185945	0.21297074
1.82293251	0.213455245
1.823742783	0.214035866
1.824489349	0.213990954
1.825265777	0.214700754
1.826137766	0.215422353
1.82706948	0.216107371
1.827786184	0.216723219
1.828656182	0.21709204
1.829558033	0.217199105
1.830398168	0.218318193
1.831144734	0.218451576
1.83198487	0.218862309
1.832918575	0.219905848
1.833788573	0.219965825
1.834535138	0.22121029
1.835345411	0.220952479
1.83602827	0.221790437
1.836806689	0.221973419
1.837678678	0.222924217
1.838610392	0.223615981
1.839420665	0.224382598
1.840322516	0.22471541
1.841130798	0.225037004
1.841909218	0.225711926
1.842747362	0.226216202
1.843619351	0.226501806
1.844459486	0.227274923
1.845144336	0.227225281
1.845982481	0.228088344
1.846822616	0.228371019
1.847601035	0.228690956
1.848441171	0.229555805
1.849374876	0.229850877
1.85030659	0.230817907
1.851333864	0.231304667
1.852112283	0.231850375
1.852733426	0.232825339
1.853479992	0.232874278
1.854320127	0.233563518
1.855283695	0.234538406
1.8562174	0.235105889
1.856870396	0.235323478
1.857678678	0.235605833
1.858550667	0.236211439
1.859484372	0.237095513
1.860386223	0.237751053
1.861100936	0.238202895
1.861879355	0.238482852
1.86281306	0.239459432
1.863683058	0.239842021
1.864461477	0.240845084
1.865208043	0.240625386
1.866048178	0.241637425
1.866979892	0.241984101
1.867851881	0.242730292
1.86862831	0.243057416
1.869313159	0.243599114
1.870029863	0.244281141
1.870899861	0.244485389
1.871708143	0.24536145
1.872609994	0.245479673
1.873420267	0.246039504
1.874351981	0.246842625
1.875162254	0.247176351
1.875970536	0.248055087
1.876778817	0.248389177
1.877557237	0.249083199
1.878427235	0.249880853
1.879173801	0.250344171
1.880107505	0.251151407
1.880915787	0.251304923
1.881755923	0.252009492
1.882564205	0.252527983
1.883559626	0.253436824
1.884555047	0.253616391
1.88536532	0.254638444
1.8859566	0.254992292
1.886639458	0.255769838
1.887479594	0.255700928
1.888287876	0.256862017
1.889253434	0.257542296
1.890217002	0.257810953
1.891057137	0.258566578
1.891865419	0.259455829
1.892675692	0.259337815
1.89345212	0.260682052
1.894198686	0.260968294
1.895006968	0.261767912
1.895878957	0.261612934
1.896719092	0.262417746
1.897495521	0.26353594
1.898335656	0.264020339
1.899175791	0.264229155
1.900077643	0.264998722
1.901104917	0.265832467
1.901789767	0.266204519
1.902536333	0.266907882
1.903251045	0.267468985
1.903997611	0.268173223
1.904805893	0.268794401
1.905677882	0.269194304
1.906579733	0.26955252
1.907388015	0.270498102
1.908353574	0.27132814
1.909223572	0.271867889
1.910031853	0.272260473
1.910716703	0.272959529
1.911556839	0.27349611
1.912520406	0.273587665
1.913266972	0.274018744
1.914107107	0.274926958
1.914885527	0.275316955
1.915693808	0.27640725
1.91650209	0.276848704
1.917497511	0.27754964
1.918399363	0.278098232
1.919084213	0.278755114
1.919862632	0.27933304
1.920670914	0.280055212
1.921479196	0.280545268
1.922289468	0.280989383
1.923221183	0.281684381
1.924216604	0.28238927
1.925056739	0.283258349
1.92595859	0.28367085
1.926705156	0.284154022
1.927451722	0.285104178
1.928230141	0.285312697
1.929038423	0.286086207
1.929816843	0.286575465
1.930686841	0.287218885
1.93146526	0.288176487
1.932273542	0.288577802
1.933081824	0.289400603
1.934015529	0.289961844
1.935042803	0.2906781
1.935757515	0.291113558
1.936565797	0.291704015
1.93737607	0.292529714
1.938246068	0.29336504
1.939118057	0.293497021
1.939958192	0.294187849
1.940766474	0.295015301
1.941700179	0.296332596
1.942570177	0.296136122
1.943348596	0.297195877
1.943969739	0.297337938
1.944686442	0.298012603
1.945524587	0.299648472
1.946583715	0.299198872
1.947330281	0.299879433
1.948200279	0.3005323
1.949008561	0.301128901
1.949848696	0.30215573
1.950750547	0.302673354
1.95165439	0.303238892
1.952307386	0.30433305
1.953177384	0.304374083
1.953985666	0.30516241
1.954764085	0.305993942
1.955542504	0.306399892
1.956444356	0.307299141
1.957439777	0.308071636
1.958341629	0.308498078
1.959120048	0.309284811
1.95983476	0.309919632
1.96051961	0.310550104
1.961296038	0.311290449
1.962136174	0.311898886
1.963038025	0.312565086
1.963910014	0.313084347
1.964780012	0.313556055
1.965558431	0.314013427
1.966304997	0.31465641
1.967083416	0.315304896
1.967953414	0.316349703
1.968855266	0.316685364
1.969601832	0.317234658
1.970410113	0.318128199
1.971188533	0.31882662
1.971996815	0.319482583
1.97283695	0.320096378
1.973738802	0.320338285
1.974640653	0.321058402
1.975606211	0.321645912
1.976476209	0.322361834
1.977161059	0.323574615
1.977845909	0.323447246
1.978686044	0.324494929
1.979587896	0.325313875
1.980645033	0.325871259
1.981391599	0.327241455
1.982263587	0.327529461
1.983101732	0.328148117
1.983973721	0.329109055
1.984813856	0.329632887
1.985590285	0.33019453
1.98633685	0.330895824
1.987208839	0.3313779
1.988017121	0.33146455
1.988763687	0.331974258
1.989542106	0.332682271
1.990412104	0.333743434
1.991377663	0.333905334
1.992247661	0.335257173
1.993087796	0.335832881
1.993772646	0.335996552
1.994457496	0.336884637
1.99529564	0.337654267
1.996105913	0.33817804
1.99706948	0.338969905
1.997941469	0.340230565
1.998843321	0.340916522
1.999683456	0.341301905
2.000491738	0.342117994
2.001331873	0.343376214
2.002108302	0.343654861
2.002980291	0.343853033
2.003633287	0.345323529
2.004535138	0.345236282
2.005313558	0.346584217
2.006153693	0.346923721
2.006930121	0.347155176
2.007831973	0.348332109
2.008797531	0.34908329
2.009637667	0.34986186
2.010384233	0.350186542
2.011067091	0.350402876
2.011877364	0.351469617
2.012685646	0.352731688
2.013555644	0.352884159
2.014521202	0.353102155
2.015329484	0.354756546
2.016263189	0.354872085
2.017071471	0.355942297
2.017911607	0.35677459
2.018658172	0.357444242
2.019466454	0.358125238
2.020274736	0.358610995
2.021176588	0.359358346
2.022016723	0.360486904
2.022795142	0.360772615
2.023573562	0.361597406
2.024411706	0.36204128
2.025470834	0.362573992
2.0262174	0.36359073
2.026963966	0.36401917
2.027678678	0.364883969
2.02848696	0.365324116
2.029265379	0.366201329
2.030135377	0.366997354
2.031069082	0.368002178
2.031941071	0.368406168
2.032904639	0.369417659
2.033744774	0.370308976
2.03449134	0.371380877
2.035206052	0.371905571
2.035984471	0.372245006
2.036948039	0.372766423
2.037664742	0.37373633
2.038504878	0.374038498
2.039313159	0.375421258
2.040089588	0.376305145
2.040899861	0.376899352
2.041831575	0.377466927
2.042735417	0.378029704
2.043418276	0.378403462
2.044196695	0.379587033
2.045036831	0.379693521
2.045876966	0.380840245
2.046746964	0.381745566
2.047680669	0.382266779
2.04867609	0.382551816
2.049516225	0.384346324
2.050386223	0.385055582
2.051132789	0.386189069
2.051879355	0.38647868
2.052657774	0.387072609
2.053527772	0.387584721
2.054338045	0.388434039
2.055239896	0.389450543
2.056016325	0.390394189
2.056826598	0.391046064
2.05763488	0.391996882
2.058504878	0.392212467
2.059438583	0.392988752
2.060091579	0.39401122
2.060869998	0.3948088
2.061710133	0.396866721
2.062518415	0.39697237
2.063390404	0.396990318
2.064322118	0.397869348
2.065255823	0.397549244
2.066127812	0.399067834
2.066965957	0.400380815
2.067744376	0.401282595
2.068397372	0.402561213
2.069143938	0.402957014
2.070015927	0.403728288
2.071104917	0.404843341
2.071881346	0.40604861
2.072689628	0.405956087
2.073374477	0.406542046
2.074121043	0.40663821
2.074961179	0.407707263
2.07586303	0.408688675
2.07654788	0.409728539
2.077417878	0.410503809
2.07832172	0.411437249
2.079130002	0.412251709
2.07990643	0.413161074
2.080746566	0.413831775
2.081680271	0.414773534
2.082582122	0.415659187
2.083360542	0.41647033
2.084168823	0.417035621
2.084853673	0.417778426
2.085661955	0.418192897
2.08650209	0.420129573
2.087435795	0.420721926
2.088305793	0.421402917
2.089271352	0.422204811
2.09004778	0.423070204
2.090826199	0.424189654
2.091696197	0.425277796
2.092598049	0.425511826
2.093408322	0.426842409
2.094091181	0.427488686
2.094901453	0.428110612
2.095709735	0.429341406
2.096488154	0.43036384
2.097296436	0.430885236
2.098166434	0.431927628
2.099068286	0.432113282
2.100063707	0.433843669
2.100903842	0.434322446
2.101556839	0.435169833
2.102303404	0.435935263
2.10314354	0.43677148
2.104170814	0.43830948
2.105198089	0.439695853
2.105880948	0.440144415
2.106659367	0.441072241
2.107467649	0.441343528
2.108339638	0.442598176
2.10914792	0.443329615
2.109894485	0.444099583
2.110734621	0.444991921
2.111668326	0.445495548
2.11250647	0.446746526
2.113253036	0.447927774
2.114031455	0.4491677
2.114871591	0.449448619
2.115898865	0.450794046
2.11673701	0.451946415
2.117515429	0.452471517
2.118168425	0.453226498
2.118885128	0.453482461
2.119723273	0.454329066
2.120595262	0.456210385
2.121590683	0.456835495
2.122430818	0.45804421
2.123300816	0.458540435
2.124111089	0.459898338
2.124919371	0.460845104
2.125727653	0.461689517
2.126474219	0.462315061
2.127314354	0.463476382
2.128029066	0.464095831
2.128930918	0.464962636
2.129709337	0.465751446
2.130549472	0.466605811
2.131327892	0.467860016
2.132229743	0.468264498
2.133318734	0.469226813
2.134220585	0.471027134
2.134841728	0.47157775
2.135558431	0.47230486
2.136396576	0.472748869
2.137206848	0.473652646
2.138076847	0.475139692
2.138948835	0.475592425
2.139757117	0.476911968
2.140658969	0.478305108
2.141499104	0.478700236
2.142277523	0.479963533
2.142992236	0.481265205
2.143800518	0.481758174
2.144640653	0.482414326
2.145542504	0.483656192
2.146414493	0.484788242
2.147284491	0.486284548
2.148031057	0.486661661
2.148839339	0.488197567
2.149866614	0.489107668
2.150613179	0.490162757
2.151327892	0.490690284
2.152074457	0.491850625
2.15288473	0.492452834
2.153724866	0.493896567
2.15465658	0.494944963
2.155652001	0.49621752
2.15652399	0.497253703
2.157425841	0.498140746
2.158172407	0.498992453
2.158887119	0.500046348
2.159603822	0.500735259
2.160380251	0.501909165
2.161313956	0.502754072
2.162092375	0.503929811
2.16293251	0.505277793
2.163740792	0.505885741
2.164517221	0.507063054
2.165327494	0.508353883
2.166352777	0.508699497
2.167286482	0.510598002
2.168001195	0.511186335
2.16874776	0.512570143
2.169558033	0.513392026
2.170366315	0.514634318
2.171174597	0.515509397
2.172046586	0.51718901
2.1729783	0.517410862
2.173756719	0.519069946
2.174628708	0.520067984
2.17543699	0.521420115
2.176213418	0.522396606
2.176991838	0.522741599
2.177893689	0.524381957
2.178733824	0.525059026
2.179667529	0.526814559
2.180475811	0.528065837
2.181254231	0.528571243
2.182094366	0.530095709
2.182964364	0.531364183
2.183927932	0.532656321
2.184551065	0.53413067
2.185297631	0.534101557
2.18607605	0.535138713
2.186884332	0.536554454
2.187786184	0.538047077
2.188749751	0.539343976
2.189651603	0.540679589
2.190523591	0.541849613
2.191363727	0.543171682
2.192233725	0.544714346
2.192886721	0.545248275
2.193603424	0.546329415
2.19444356	0.54760134
2.195438981	0.548328162
2.196185546	0.550641679
2.197055544	0.55128539
2.197863826	0.552605762
2.198674099	0.553608038
2.199575951	0.555006803
2.200509656	0.55620146
2.201162652	0.557752231
2.202002787	0.558658237
2.202840932	0.559617604
2.203587498	0.56071431
2.204334063	0.561865004
2.205206052	0.563582322
2.206107904	0.56504139
2.206979892	0.565745669
2.207726458	0.568021824
2.20853474	0.568924966
2.209281306	0.570294141
2.210057734	0.572581544
2.21089787	0.569694313
2.211799721	0.573139967
2.212639857	0.574536315
2.213667131	0.575446255
2.214537129	0.578728795
2.215315548	0.578020347
2.216155684	0.581083533
2.217025682	0.581848459
2.217865817	0.582713365
2.218550667	0.58471971
2.219358949	0.584986477
2.220169222	0.58654398
2.221007366	0.588486286
2.221847501	0.589515858
2.222749353	0.59147737
2.223621342	0.592517019
2.224523193	0.594480932
2.225331475	0.595828461
2.226016325	0.596712512
2.226731037	0.597551092
2.227571173	0.598855272
2.228566594	0.600795653
2.229562015	0.602143698
2.230246864	0.603786687
2.231087	0.604878478
2.231927135	0.606241128
2.232797133	0.6079912
2.233637269	0.609626133
2.234477404	0.61120802
2.235285686	0.612349207
2.236157675	0.61404998
2.236934103	0.615400612
2.237650806	0.61646467
2.238397372	0.61797111
2.23926737	0.619892103
2.240262791	0.621198293
2.241102927	0.622679324
2.241881346	0.623818412
2.242534342	0.624760294
2.243249054	0.625882781
2.244059327	0.6272499
2.244897472	0.629006139
2.245892893	0.631188349
2.246733028	0.63283887
2.247573163	0.633891821
2.248351583	0.635635668
2.249191718	0.636526702
2.250031853	0.63883471
2.250869998	0.639944686
2.251803703	0.641464178
2.252520406	0.643522718
2.253390404	0.644753375
2.254168823	0.646668092
2.255008959	0.648547129
2.255817241	0.649544277
2.256750946	0.651288487
2.25768266	0.653470666
2.258492933	0.65485358
2.259145929	0.655589926
2.259892495	0.657174549
2.26073263	0.658623124
2.261540912	0.660829921
2.262474617	0.662362726
2.263376468	0.664325655
2.264246466	0.666883632
2.265212025	0.668429514
2.266082023	0.670112827
2.266860442	0.671495657
2.267575154	0.672256421
2.26841529	0.674537728
2.269223572	0.676206646
2.270001991	0.677153136
2.270748557	0.678915331
2.271495122	0.680788538
2.272303404	0.681966119
2.273175393	0.684264322
2.274262393	0.686188467
2.275072666	0.688636402
2.275849094	0.689863313
2.276659367	0.691431923
2.277435795	0.693101465
2.278307784	0.694911457
2.279239498	0.697789448
2.280111487	0.699933497
2.280826199	0.700760379
2.281666335	0.702510148
2.28250647	0.704537348
2.283253036	0.706094619
2.283967748	0.707532285
2.284778021	0.709111009
2.285679873	0.711659987
2.286456301	0.713673321
2.28732829	0.71571776
2.288198288	0.717541308
2.289008561	0.719125571
2.289848696	0.721662727
2.290844117	0.723917835
2.291714115	0.725579994
2.292398965	0.726906945
2.293175393	0.728485742
2.293953812	0.73028825
2.294762094	0.73226803
2.295572367	0.734527575
2.296535935	0.737004535
2.29746964	0.739529331
2.298216205	0.741439049
2.299118057	0.743622736
2.299894485	0.745377426
2.300611189	0.74716944
2.301451324	0.748723971
2.302383038	0.751368489
2.303223173	0.753036865
2.304095162	0.755776687
2.304871591	0.75792884
2.305681863	0.760540049
2.306490145	0.762091151
2.307360143	0.763998788
2.308387418	0.767021805
2.309040414	0.769475138
2.30978698	0.770227271
2.310565399	0.772780626
2.311373681	0.775121682
2.312181963	0.777352217
2.313053952	0.779549587
2.313894087	0.781961738
2.314795939	0.784396348
2.31569779	0.787169038
2.316476209	0.789060226
2.317222775	0.791278276
2.317969341	0.79271184
2.318839339	0.795311362
2.319896476	0.798931903
2.320643042	0.801380413
2.321483177	0.803356842
2.322291459	0.80678542
2.323131595	0.808652296
2.324033446	0.811667274
2.324843719	0.813864176
2.325558431	0.81557841
2.32643042	0.81841907
2.327268565	0.821587789
2.328046984	0.822820867
2.32879355	0.825509384
2.329633685	0.827837868
2.33056739	0.831442613
2.331469241	0.834925668
2.332215807	0.836265954
2.332962373	0.838510738
2.333677085	0.840858322
2.334485367	0.843297511
2.335357356	0.846439813
2.336227354	0.8494138
2.337037627	0.852933854
2.338033048	0.856750415
2.338873183	0.860172997
2.339649612	0.862158049
2.340457894	0.864836027
2.341298029	0.867187311
2.342170018	0.870005575
2.342916584	0.872268411
2.343756719	0.874964675
2.344658571	0.878764407
2.345498706	0.881975664
2.346306988	0.884722487
2.347176986	0.888858307
2.347987259	0.891666638
2.348950826	0.894819452
2.349790962	0.898553236
2.350475811	0.900237927
2.351222377	0.903256519
2.352030659	0.905560279
2.35293251	0.90943975
2.353927932	0.913871197
2.354642644	0.916372184
2.355482779	0.91989302
2.356322915	0.923473189
2.357194903	0.92632623
2.357971332	0.930114067
2.358749751	0.932705622
2.359589887	0.936694339
2.360553454	0.940449069
2.361393589	0.944214376
2.362140155	0.94605715
2.362886721	0.949731709
2.363726856	0.952931045
2.364690424	0.957957276
2.365562413	0.961059848
2.366308979	0.963712277
2.366961975	0.966385298
2.367708541	0.969040617
2.368578539	0.972895069
2.369450528	0.97772823
2.370414095	0.982200882
2.371315947	0.986478917
2.372219789	0.990588438
2.372966355	0.993715572
2.373774637	0.996697965
2.374551065	0.99978374
2.375297631	1.002513632
2.37616962	1.006391259
2.376884332	1.009398893
2.377756321	1.013165998
2.378532749	1.016664373
2.379372885	1.02013452
2.380183157	1.024343231
2.381146725	1.028966722
2.382174	1.034025019
2.382950428	1.037535462
2.383635278	1.039161094
2.384381844	1.042373225
2.385221979	1.046609993
2.386062114	1.050271748
2.386993828	1.05524778
2.387897671	1.060504094
2.388735815	1.064057453
2.389546088	1.06829489
2.39035437	1.071144996
2.391162652	1.07498104
2.391909218	1.078212443
2.392749353	1.081893497
2.393589488	1.086909861
2.39439777	1.090697464
2.395269759	1.094922464
2.396109894	1.09977383
2.396948039	1.103756848
2.397758312	1.107903677
2.398721879	1.113808462
2.399500299	1.117132972
2.400246864	1.120386418
2.401023293	1.123830055
2.401833566	1.127466037
2.40267171	1.132164507
2.403511846	1.13675053
2.404383834	1.140714209
2.405160263	1.145916186
2.406093968	1.150497426
2.406934103	1.154862135
2.407712522	1.158850109
2.408427235	1.161351777
2.409235517	1.165533308
2.410201075	1.171952978
2.410977503	1.175833145
2.411849492	1.180988675
2.412689628	1.185255687
2.41349791	1.190035628
2.414244475	1.194378768
2.415146327	1.199093836
2.415986462	1.203956837
2.416701175	1.207004725
2.41754131	1.211112099
2.418413299	1.217287546
2.419221581	1.221970494
2.420029863	1.22648051
2.420963568	1.232522517
2.421865419	1.239373502
2.422611985	1.242688496
2.42345212	1.247520389
2.424198686	1.250546078
2.424883536	1.253952486
2.425723671	1.2586158
2.426655385	1.265444964
2.427557237	1.272263351
2.428616365	1.280168965
2.4294565	1.285788382
2.430264782	1.290864855
2.431073064	1.295238056
2.431945053	1.300648967
2.432815051	1.306651415
2.433438184	1.308812649
2.434214613	1.312471937
2.435022895	1.317978252
2.435833167	1.321837602
2.436673303	1.328252447
2.437543301	1.334392651
2.43841529	1.341010326
2.439317141	1.346762941
2.440218993	1.353346635
2.440965558	1.357661497
2.441618555	1.359916504
2.44236512	1.362579534
2.443205256	1.369318936
2.444355963	1.37919678
2.445196098	1.385709798
2.446066096	1.392243964
2.446782799	1.395910322
2.447559228	1.400027583
2.448431216	1.406217638
2.449301214	1.412529209
2.450017918	1.416027305
2.450949632	1.422559652
2.451789767	1.42850889
2.452474617	1.432411446
2.453159466	1.435068589
2.454029464	1.440747032
2.454995023	1.449219822
2.455896874	1.457244765
2.45664344	1.460721379
2.457419869	1.465883678
2.458104718	1.468911004
2.458944854	1.475128758
2.459784989	1.480993064
2.460718694	1.48989665
2.461620545	1.496701054
2.462645829	1.505910906
2.463456102	1.512848356
2.464170814	1.51627053
2.464979096	1.520826449
2.465789369	1.526699757
2.466659367	1.533031783
2.467344217	1.537758841
2.468184352	1.543003675
2.469024487	1.549566942
2.469832769	1.555037809
2.470641051	1.56105032
2.47151304	1.567465885
2.472321322	1.574084483
2.47328489	1.58116564
2.474156878	1.589630818
2.474871591	1.592666759
2.475618156	1.597043451
2.476458292	1.603161959
2.477391997	1.611864415
2.478323711	1.620451658
2.478978698	1.623280869
2.479848696	1.630095215
2.480656978	1.636272576
2.481497113	1.643195716
2.482305395	1.649020117
2.483051961	1.65294304
2.483892096	1.660178146
2.484793948	1.66727869
2.48569779	1.676311255
2.486535935	1.682355294
2.487346207	1.688143201
2.488216205	1.695300625
2.489181764	1.704938831
2.489990046	1.711822939
2.490766474	1.715914957
2.491483177	1.719123392
2.492229743	1.724405742
2.493069879	1.731385721
2.49397173	1.739258445
2.494935298	1.749173161
2.495775433	1.756651236
2.496647422	1.764519167
2.497362134	1.769498986
2.4981087	1.773838638
2.498887119	1.779897394
2.499663548	1.785110815
2.500629106	1.794640356
2.501405535	1.801133118
2.502307386	1.809234888
2.503117659	1.815820946
2.503925941	1.822227556
2.504672506	1.827622534
2.505574358	1.834832709
2.506569779	1.845939947
2.507378061	1.853152734
2.508094764	1.857447614
2.508809476	1.861682422
2.509649612	1.868321718
2.510489747	1.875633696
2.511421461	1.884356616
2.512325304	1.894767762
2.513133586	1.900062862
2.513941867	1.907308825
2.514750149	1.913341258
2.515528569	1.919110754
2.516275134	1.92424982
2.517145132	1.931070857
2.518017121	1.940702251
2.518857257	1.94781463
2.519697392	1.955663436
2.520505674	1.961783411
2.521284093	1.968494082
2.522154091	1.97692911
2.523117659	1.987153707
2.523802508	1.992520692
2.524580928	1.997536454
2.52538921	2.004229591
2.526197492	2.011721775
2.527037627	2.018999045
2.527877762	2.026341918
2.528779614	2.03624927
2.529587896	2.044066267
2.530491738	2.052700586
2.531268166	2.059827132
2.53198487	2.063291787
2.532731435	2.068070271
2.533633287	2.078008725
2.534658571	2.09057166
2.535405136	2.097510588
2.536245272	2.104530883
2.537085407	2.111862521
2.537925543	2.120366122
2.538765678	2.128260177
2.539699383	2.138266996
2.540507665	2.146513679
2.541254231	2.149728791
2.542094366	2.158687446
2.542934501	2.16703583
2.543681067	2.172352904
2.544489349	2.179943502
2.545423054	2.189248724
2.546324905	2.20118382
2.547133187	2.207679893
2.548035039	2.21611183
2.548749751	2.222040764
2.549496317	2.226333769
2.55030659	2.234451427
2.551208441	2.244136839
2.552048577	2.252167421
2.552950428	2.261988257
2.553726856	2.268735886
2.554537129	2.276074026
2.555375274	2.284245626
2.556185546	2.291654384
2.557117261	2.301962776
2.557833964	2.3088632
2.558674099	2.31532127
2.559544097	2.324289148
2.560384233	2.332615427
2.561192514	2.340359426
2.562064503	2.349593052
2.562904639	2.359175439
2.563744774	2.365101111
2.564584909	2.373514019
2.565329484	2.379855542
2.566046188	2.383999812
2.566822616	2.391184826
2.567756321	2.40131846
2.568783595	2.415340759
2.569498308	2.421114447
2.57030659	2.428286259
2.571023293	2.4338813
2.571799721	2.440532074
2.572639857	2.449115769
2.573541708	2.459259009
2.574258411	2.464868012
2.575221979	2.47545551
2.57612383	2.487986712
2.576963966	2.4954745
2.577710532	2.501689916
2.578550667	2.509747693
2.579514235	2.522615022
2.580386223	2.534464096
2.581100936	2.537853433
2.581847501	2.544026249
2.582564205	2.549047149
2.583372487	2.556975799
2.584212622	2.565315958
2.58508262	2.576757778
2.585861039	2.582542622
2.586762891	2.594216275
2.587571173	2.602106681
2.588349592	2.608655288
2.589189727	2.616272777
2.590091579	2.626967459
2.591025284	2.638454221
2.591801712	2.647152054
2.592703564	2.655920331
2.593575552	2.667238122
2.594477404	2.677525809
2.595317539	2.686499277
2.596187537	2.695760444
2.596934103	2.704269854
2.597867808	2.713293654
2.598614374	2.721498003
2.59926737	2.723755284
2.59995222	2.728187151
2.600730639	2.735175189
2.601632491	2.745950651
2.602657774	2.762220231
2.603436194	2.769791354
2.604308182	2.780619216
2.60517818	2.790126907
2.606050169	2.798885262
2.606858451	2.807012159
2.607666733	2.814070185
2.608506868	2.824324495
2.609440573	2.835507846
2.610248855	2.844349624
2.611027275	2.851330293
2.611803703	2.8582492
2.612675692	2.869198693
2.613700976	2.884753791
2.614511248	2.893751178
2.615257814	2.898756827
2.615940673	2.903567467
2.616687239	2.909464762
2.617527374	2.919652144
2.618335656	2.928288272
2.619301214	2.941354763
2.620109496	2.949938776
2.620981485	2.960059066
2.621728051	2.966742384
2.622504479	2.972510404
2.623344615	2.980322744
2.624123034	2.988768121
2.625054748	3.001206661
2.625801314	3.008100183
2.626673303	3.017494306
2.627419869	3.025413542
2.628289867	3.035515698
2.629100139	3.045172743
2.630031853	3.057141385
2.631027275	3.071803975
2.63186741	3.07928487
2.632520406	3.083172204
2.633237109	3.087263295
2.634077245	3.096412013
2.634947243	3.107642742
2.635880948	3.120168227
2.636721083	3.133420599
2.637529365	3.140128786
2.6383695	3.15090312
2.63914792	3.158159043
2.639924348	3.164265738
2.640641051	3.170495588
2.641479196	3.180264202
2.642383038	3.194852228
2.643253036	3.20512031
2.644061318	3.215063325
2.644901453	3.224410249
2.645679873	3.233879209
2.646520008	3.243941462
2.647515429	3.25932868
2.648323711	3.269172868
2.649131993	3.278124446
2.649878559	3.285656928
2.650625124	3.293449852
2.65146526	3.304701556
2.652367111	3.317706658
2.653268963	3.33258291
2.654079236	3.341247983
2.654981087	3.354661817
2.655789369	3.363849823
2.656535935	3.36987694
2.657250647	3.377732312
2.658090782	3.38813252
2.659056341	3.403785268
2.659864623	3.414287242
2.660734621	3.42571193
2.661574756	3.43729813
2.662383038	3.447818266
2.663161457	3.457725028
2.664156878	3.473918653
2.664997014	3.487661588
2.665711726	3.493308718
2.666521999	3.503538735
2.667268565	3.513044572
2.668076847	3.52276587
2.668916982	3.536153444
2.669818833	3.549824736
2.670688831	3.565531254
2.671435397	3.571379239
2.672275533	3.58304915
2.673115668	3.594531519
2.673862234	3.603239773
2.674640653	3.612448675
2.675542504	3.626364232
2.67638264	3.639815587
2.677314354	3.656187157
2.678154489	3.670952195
2.678964762	3.682246795
2.679711328	3.691513227
2.680581326	3.703940303
2.681576747	3.721937624
2.682261597	3.73003221
2.683069879	3.73888711
2.683910014	3.752990005
2.684718296	3.764521095
2.685558431	3.778249082
2.686492136	3.795109218
2.687393988	3.812455538
2.688327693	3.826212835
2.689197691	3.840278484
2.68988254	3.847313597
2.690503683	3.850482099
2.691220386	3.85965314
2.692122238	3.874700486
2.693149512	3.897046033
2.693864225	3.90740766
2.694642644	3.916627198
2.695419072	3.929111729
2.696259208	3.941826506
2.697192913	3.958604077
2.698126618	3.976568259
2.69884133	3.984156345
2.699681465	3.997358861
2.700551463	4.012378666
2.701329883	4.02485071
2.702138164	4.036327062
2.7029783	4.050475157
2.704005574	4.070215848
2.704875572	4.089470596
2.705653992	4.095495382
2.706400557	4.104030366
2.707053554	4.110264267
2.707861836	4.122244294
2.708733824	4.137935247
2.709729245	4.15966403
2.71066096	4.176058714
2.711594665	4.194764724
2.712311368	4.203425886
2.71302608	4.209788773
2.713804499	4.219538884
2.714642644	4.230833004
2.715452917	4.242615747
2.716105913	4.251001697
2.716882341	4.259058436
2.717722477	4.273667948
2.718562612	4.288154028
2.719434601	4.303291257
2.720336452	4.320592484
2.721270157	4.339536382
2.722265578	4.356086326
2.72307386	4.368390691
2.723695003	4.37116776
2.724411706	4.379112511
2.725219988	4.393278973
2.72612184	4.408858499
2.727178977	4.43533069
2.727925543	4.445197605
2.728765678	4.459516693
2.729637667	4.47336722
2.730507665	4.486957958
2.731286084	4.498553833
2.732062512	4.508763117
2.732872785	4.521547949
2.733712921	4.534190527
2.734551065	4.549617611
2.735361338	4.562092598
2.73616962	4.576094624
2.737009755	4.592079418
2.738005176	4.610654867
2.738813458	4.624615838
2.739591877	4.631900291
2.740274736	4.639689866
2.740991439	4.647871973
2.741893291	4.665600313
2.742733426	4.681241627
2.743667131	4.701369957
2.744505276	4.715299294
2.745470834	4.735970427
2.746279116	4.748802011
2.747057535	4.758196316
2.747833964	4.767724794
2.748550667	4.776022727
2.749358949	4.788611072
2.750105515	4.800099422
2.751007366	4.816327811
2.751847501	4.832657323
2.752655783	4.845274031
2.753464065	4.860497439
2.754459486	4.879795091
2.755518614	4.905957366
2.75635875	4.91893242
2.756979892	4.922711095
2.757694605	4.930731245
2.75853474	4.945257957
2.759345013	4.95833587
2.760215011	4.974535683
2.761087	4.996230382
2.761925144	5.006841977
2.762797133	5.024076346
2.763605415	5.036319563
2.764383834	5.046372649
2.765098547	5.055242878
2.765970536	5.068825181
2.76690225	5.090564178
2.767867808	5.111239861
2.76867609	5.126542323
2.769422656	5.136440823
2.770137368	5.144205459
2.770915787	5.154708473
2.771879355	5.172742994
2.772657774	5.187152613
2.773436194	5.194787013
2.774182759	5.205320692
2.774959188	5.217729556
2.775831177	5.232945853
2.776733028	5.251185386
2.777728449	5.275061017
2.778568585	5.290717518
2.779470436	5.308317436
2.780310571	5.320289212
2.781087	5.331673738
2.781803703	5.338368869
2.782580131	5.349021835
2.783483974	5.366597539
2.784260402	5.379285479
2.785132391	5.39634574
2.786002389	5.412534811
2.786810671	5.42760056
2.787620944	5.439775659
2.788584511	5.457118096
2.789424647	5.473891281
2.790203066	5.481769413
2.790979494	5.493566708
2.791787776	5.505297338
2.792598049	5.519404381
2.793374477	5.530610921
2.794340036	5.550587737
2.795210034	5.570995727
2.7959566	5.577493375
2.796796735	5.591155584
2.797575154	5.602466001
2.798289867	5.609046691
2.799130002	5.622930302
2.800063707	5.642636856
2.800903842	5.658029217
2.801805694	5.674708055
2.80255226	5.685109583
2.803328688	5.69578015
2.804138961	5.706660424
2.804977105	5.719097024
2.805974517	5.740290097
2.80668923	5.748344193
2.807435795	5.754699567
2.808212224	5.76683039
2.809052359	5.779642233
2.809924348	5.795724106
2.810826199	5.812965533
2.811666335	5.828250725
2.81250647	5.838232257
2.813376468	5.852436138
2.81418475	5.86379343
2.814901453	5.869785183
2.815648019	5.877477757
2.816549871	5.89347716
2.817607008	5.918884958
2.818353574	5.928300968
2.819225562	5.941193628
2.820001991	5.952457471
2.820842126	5.964954126
2.821714115	5.976909746
2.82255425	5.9890774
2.823207247	5.990736404
2.824077245	6.002771065
2.82491738	6.017621219
2.825695799	6.026942307
2.826472228	6.035168363
2.827405933	6.050443315
2.828401354	6.071406625
2.829241489	6.085677892
2.830019908	6.088517165
2.830796337	6.097041805
2.83151304	6.098722578
2.832289468	6.105949761
2.833129604	6.117158987
2.834031455	6.131938277
2.834903444	6.140689155
2.835805296	6.154109473
2.836645431	6.162938447
2.837360143	6.16325462
2.838138563	6.163502365
2.839008561	6.169791146
2.839880549	6.177118387
