1	0.000242131
1.00009357	0.000460091
1.000280709	0.000653937
1.000746566	0.000242312
1.001710133	0.000315308
1.003079833	9.71506E-05
1.004292256	0.000218853
1.005568385	0.000292175
1.006719092	0.000243758
1.00758909	4.87937E-05
1.00827394	0.000390615
1.009020506	0.000513061
1.009860641	0.000611296
1.010762493	0.000611842
1.011696197	0.000465429
1.012536333	0.000588399
1.013470038	0.000588941
1.014246466	0.000638509
1.015024886	0.000663576
1.015801314	0.000688679
1.016641449	0.0006154
1.017481585	0.000936182
1.018166434	0.000788894
1.019036432	0.000567502
1.019846705	0.001061826
1.020686841	0.000988559
1.021556839	0.000890461
1.022490543	0.001089336
1.023424248	0.00104077
1.02423253	0.001016793
1.024947243	0.000794148
1.025663946	0.000844372
1.026472228	0.000894746
1.027312363	0.001044724
1.028182361	0.001045609
1.02905435	0.000822247
1.029894485	0.001246846
1.030796337	0.001173061
1.031604619	0.001373808
1.032383038	0.001199864
1.033159466	0.00130083
1.033906032	0.001451975
1.034714314	0.001428056
1.035586303	0.001328961
1.036426438	0.001304944
1.037266574	0.001506925
1.038106709	0.001558417
1.039008561	0.001660401
1.040003982	0.001737537
1.040718694	0.001940323
1.041497113	0.001588724
1.042211826	0.001741226
1.042958391	0.001919245
1.043736811	0.001895406
1.044606809	0.001795813
1.045540514	0.001772103
1.046442365	0.001925657
1.04746964	0.001826097
1.048277922	0.001852888
1.048992634	0.001854152
1.049677484	0.001880778
1.050517619	0.002060337
1.05151304	0.002240512
1.052291459	0.002038337
1.053129604	0.001963462
1.053939877	0.002220164
1.054748158	0.002068634
1.055588294	0.002146959
1.056583715	0.0022769
1.057453713	0.002278774
1.058106709	0.002510762
1.058853275	0.002409981
1.059631694	0.002386096
1.060439976	0.002413592
1.061250249	0.002286956
1.062120247	0.002520285
1.063083814	0.002290907
1.063894087	0.002601775
1.064764085	0.002655465
1.065572367	0.002786485
1.066257217	0.002426832
1.067035636	0.003048673
1.067937488	0.002973676
1.068807486	0.002898461
1.069711328	0.003185823
1.07051961	0.003058627
1.071327892	0.003190638
1.072168027	0.0032191
1.073038025	0.003091804
1.074003584	0.003016572
1.07465658	0.003304634
1.075434999	0.003437226
1.076304997	0.003440006
1.077113279	0.003390429
1.077923552	0.00339298
1.07879355	0.003500202
1.079695401	0.003346271
1.080597253	0.0037677
1.081469241	0.003718369
1.082183954	0.003589811
1.08283695	0.003618196
1.083583516	0.003778112
1.084455505	0.003754894
1.085512642	0.003705987
1.086291061	0.003840157
1.087131196	0.003948418
1.088001195	0.004162329
1.088903046	0.004113048
1.089868604	0.004143084
1.090645033	0.004119628
1.091298029	0.004148518
1.092199881	0.004178392
1.093010153	0.004155026
1.093756719	0.004131381
1.094503285	0.004399214
1.095373283	0.004482278
1.096306988	0.004433009
1.097176986	0.004356829
1.097923552	0.004572466
1.098701971	0.004761929
1.099386821	0.004818136
1.100226956	0.004848458
1.101096954	0.004985596
1.102030659	0.004829723
1.102900657	0.004780126
1.103866215	0.005078319
1.104642644	0.005081891
1.105359347	0.005004896
1.106167629	0.005249609
1.107039618	0.005146528
1.107909616	0.005096921
1.108624328	0.005314954
1.109434601	0.005050211
1.110242883	0.005403361
1.111021302	0.005460952
1.111859447	0.005545836
1.112731435	0.005927383
1.113571571	0.005473487
1.114566992	0.005586329
1.11543699	0.005860771
1.11612184	0.005783295
1.116868405	0.005976463
1.117676687	0.005953726
1.118672108	0.006148634
1.119637667	0.005720183
1.120352379	0.006103615
1.121130798	0.006080709
1.12193908	0.006356749
1.122779216	0.006198394
1.123619351	0.006039794
1.124395779	0.006670144
1.125142345	0.006456628
1.126014334	0.006570689
1.126884332	0.00649391
1.127694605	0.006525884
1.128502887	0.006749158
1.129372885	0.007082508
1.130368306	0.006815053
1.131240295	0.006984656
1.132016723	0.007044269
1.132701573	0.006938826
1.133448139	0.007245286
1.134288274	0.007058404
1.135128409	0.007420936
1.136062114	0.00720698
1.13690225	0.007405005
1.137833964	0.007411074
1.138550667	0.007718988
1.139327095	0.007751838
1.140167231	0.00770234
1.140975513	0.008039319
1.141909218	0.007686459
1.142687637	0.008134387
1.143589488	0.00767008
1.144367908	0.007869261
1.145206052	0.008152314
1.146046188	0.007991799
1.146948039	0.008248028
1.147820028	0.007976376
1.148566594	0.008064995
1.149281306	0.008264807
1.149998009	0.008297806
1.150838145	0.008610387
1.151676289	0.00847723
1.152609994	0.008567827
1.153511846	0.00821144
1.154383834	0.008944378
1.155317539	0.00855998
1.156187537	0.008874369
1.15690225	0.008599733
1.157587099	0.009025255
1.158427235	0.00889156
1.159235517	0.009066176
1.160075652	0.009213192
1.160883934	0.009191502
1.161694207	0.009197918
1.162470635	0.009316653
1.16331077	0.009436056
1.164338045	0.009388004
1.165114473	0.009478897
1.165892893	0.00948523
1.166671312	0.009915294
1.167479594	0.00963948
1.168287876	0.009589578
1.169221581	0.009795416
1.170217002	0.009860424
1.171057137	0.009980923
1.171927135	0.010272097
1.172673701	0.009994701
1.173390404	0.010029221
1.174105116	0.010404902
1.174913398	0.010269824
1.17581525	0.010505468
1.176593669	0.010882779
1.177495521	0.010891121
1.178429226	0.011070957
1.179269361	0.010936081
1.180045789	0.01137187
1.180979494	0.011266487
1.181787776	0.011016666
1.182566196	0.011338891
1.183374477	0.011232029
1.18418475	0.011383083
1.184931316	0.01139026
1.185739598	0.01145545
1.186673303	0.011407005
1.187575154	0.011530693
1.188351583	0.011969837
1.189161855	0.012093171
1.189908421	0.012273632
1.19059128	0.012136536
1.191431415	0.012231645
1.192396974	0.012097199
1.193328688	0.011759922
1.19423054	0.012115801
1.194977105	0.012383782
1.195787378	0.012334272
1.196563806	0.012776868
1.197403942	0.012930803
1.1983695	0.012738116
1.199052359	0.013093768
1.199830778	0.013160371
1.200670914	0.013285874
1.201479196	0.013178452
1.202319331	0.012983884
1.203221183	0.013751099
1.204123034	0.013732251
1.204995023	0.013975608
1.205835158	0.013985352
1.206581724	0.013994011
1.207296436	0.014294624
1.208074856	0.014274589
1.208944854	0.014314141
1.210001991	0.014414552
1.210748557	0.014511393
1.211620545	0.014756541
1.212396974	0.014765997
1.213237109	0.014717477
1.214138961	0.014963601
1.214949234	0.015003005
1.215632092	0.015364648
1.216535935	0.015405528
1.217374079	0.015416141
1.218152499	0.015573475
1.218899064	0.016025719
1.219771053	0.016007649
1.220766474	0.016050271
1.221636472	0.016180028
1.222351185	0.016367075
1.223161457	0.016466774
1.22387617	0.016476396
1.224654589	0.016605486
1.225494724	0.016676224
1.226364722	0.016836533
1.227236711	0.017086225
1.228138563	0.017277204
1.228885128	0.017138931
1.229631694	0.017447074
1.23047183	0.017697343
1.231373681	0.017859391
1.232243679	0.018051027
1.232990245	0.018061964
1.233798527	0.018073804
1.2346088	0.01838461
1.235417081	0.018456473
1.236318933	0.018350206
1.2372825	0.018664092
1.238092773	0.018556403
1.238994625	0.019109917
1.239771053	0.019211949
1.240455903	0.019222561
1.241234322	0.019595273
1.242042604	0.019427591
1.242976309	0.019863544
1.244001593	0.019849807
1.244748158	0.019771302
1.245652001	0.020117431
1.246490145	0.020281874
1.247330281	0.020204938
1.248076847	0.02039835
1.248823412	0.020682693
1.249633685	0.020514568
1.250565399	0.021014344
1.251467251	0.020938592
1.252277523	0.021255364
1.253053952	0.021571946
1.253925941	0.021131536
1.254921362	0.021573709
1.25569779	0.021769482
1.256414493	0.022025281
1.257129206	0.022342199
1.257845909	0.022172199
1.258715907	0.022431354
1.259617758	0.022813416
1.260583317	0.022708813
1.261421461	0.022937712
1.26229345	0.022800749
1.263040016	0.02290598
1.263818435	0.023256707
1.264594864	0.023393474
1.265341429	0.023376647
1.266243281	0.023730564
1.2670217	0.023837188
1.267985268	0.024008825
1.268825403	0.024209066
1.269633685	0.024224488
1.270380251	0.024331012
1.271284093	0.024779266
1.272279514	0.024767863
1.273055943	0.02499875
1.273772646	0.02495114
1.274580928	0.02552248
1.275357356	0.025661549
1.276229345	0.025431883
1.27716305	0.025759729
1.278003185	0.025529119
1.278779614	0.025916187
1.279558033	0.026303747
1.280366315	0.026227358
1.281174597	0.026709233
1.281953016	0.026973781
1.282823014	0.026650415
1.283695003	0.026699613
1.284565001	0.027246463
1.285405136	0.027170912
1.286183556	0.027561076
1.286961975	0.027640079
1.287800119	0.027689262
1.288827394	0.028117033
1.289542106	0.028444863
1.290352379	0.028212789
1.291160661	0.028386777
1.291875373	0.028715293
1.292685646	0.028889803
1.293587498	0.029191853
1.294644635	0.028996278
1.29548477	0.029171933
1.296293052	0.029472619
1.297071471	0.029333287
1.297818037	0.029601564
1.298500896	0.029962987
1.299279315	0.030264085
1.300181167	0.03025361
1.300959586	0.030303223
1.301829584	0.030638701
1.302731435	0.030975358
1.303571571	0.03096377
1.304381844	0.031330431
1.305407127	0.031449881
1.306215409	0.031342844
1.306961975	0.031898733
1.30780211	0.03182424
1.308612383	0.032097442
1.309388811	0.032496938
1.310167231	0.032325918
1.311069082	0.032633874
1.31193908	0.032464933
1.31262393	0.032895055
1.313495919	0.033425768
1.314336054	0.033128906
1.31508262	0.033402462
1.315920764	0.033774238
1.316824607	0.03382932
1.317694605	0.034075008
1.31862831	0.034067225
1.319468445	0.034025034
1.320308581	0.034558198
1.321116862	0.034739296
1.321925144	0.034920589
1.32276528	0.035359149
1.323479992	0.035250072
1.324290265	0.03549611
1.325098547	0.035581944
1.325874975	0.035634896
1.326746964	0.036140202
1.327680669	0.036326372
1.328612383	0.036319694
1.329546088	0.03663495
1.33035437	0.037011554
1.331071073	0.037063722
1.331755923	0.037340759
1.332532351	0.037362529
1.333434203	0.037904401
1.334493331	0.038096069
1.335239896	0.038246702
1.336078041	0.038367762
1.33685646	0.038422485
1.337664742	0.038672438
1.338536731	0.038989339
1.339406729	0.038755231
1.340153295	0.039231122
1.341055146	0.039452349
1.341865419	0.039508677
1.342611985	0.039920763
1.343358551	0.040170649
1.344198686	0.040195772
1.3451304	0.04054933
1.346064105	0.0404797
1.346778817	0.040696851
1.347525383	0.041241455
1.348271949	0.041362241
1.349082222	0.041289102
1.349984073	0.041676264
1.350885925	0.041802233
1.351755923	0.042156456
1.352689628	0.042218328
1.353468047	0.042144308
1.354182759	0.04256003
1.354961179	0.04294538
1.355831177	0.043005783
1.356733028	0.043297194
1.357479594	0.043386757
1.358289867	0.043445543
1.359098149	0.043932107
1.359876568	0.044088976
1.360714712	0.044643304
1.361618555	0.044738895
1.362550269	0.044439594
1.36354569	0.044868247
1.364324109	0.045059034
1.364977105	0.045278902
1.365691818	0.045236475
1.36650209	0.04566036
1.367497511	0.045594287
1.368522795	0.045694744
1.369239498	0.046547512
1.369986064	0.046506549
1.370762493	0.046798429
1.371572765	0.046958932
1.37241091	0.047020858
1.373221183	0.047447618
1.374029464	0.047808241
1.3748696	0.048037211
1.375771451	0.047802228
1.376579733	0.048163625
1.377358152	0.048824512
1.378228151	0.048955465
1.379223572	0.049057613
1.38009556	0.04935596
1.380903842	0.049251123
1.381556839	0.049709285
1.382303404	0.050070845
1.383205256	0.050003037
1.384138961	0.050438962
1.385102528	0.050675301
1.385942664	0.051075175
1.386782799	0.051408341
1.387467649	0.051332944
1.388214215	0.051528629
1.389022497	0.051928589
1.389769062	0.052124752
1.390641051	0.052191129
1.391355763	0.052790665
1.392289468	0.052724957
1.393129604	0.053094092
1.393969739	0.05326112
1.394807884	0.053293144
1.395711726	0.053800801
1.39664344	0.053938167
1.397483576	0.054207474
1.398200279	0.054539967
1.398914991	0.054771078
1.399723273	0.05470105
1.400531555	0.055173483
1.401435397	0.055243022
1.402305395	0.055073592
1.403145531	0.055820051
1.404047382	0.055515965
1.404887517	0.055855334
1.405665937	0.056260673
1.406380649	0.056697912
1.407188931	0.057037149
1.408029066	0.056798461
1.408901055	0.057174774
1.4097392	0.057686665
1.410579335	0.057789352
1.411389608	0.05809594
1.412259606	0.058200142
1.413316743	0.05838059
1.414001593	0.05878549
1.414809875	0.058990378
1.415588294	0.059091385
1.41633486	0.059636957
1.417174995	0.059775275
1.418044993	0.059914976
1.418946845	0.060159223
1.419818833	0.060539975
1.420720685	0.060475229
1.421499104	0.060749296
1.42224567	0.060987823
1.422960382	0.061431922
1.423832371	0.061883271
1.424827792	0.061995534
1.425574358	0.062476745
1.426444356	0.062342181
1.427284491	0.062689929
1.428031057	0.062964759
1.428839339	0.063173381
1.429773044	0.063560855
1.430613179	0.064013878
1.431298029	0.06397521
1.432044595	0.06418195
1.432852877	0.06425287
1.433661159	0.064323829
1.434533148	0.065092376
1.435496715	0.065136098
1.436460283	0.065075477
1.437206848	0.065979278
1.438017121	0.065842382
1.438763687	0.066329445
1.439540115	0.066504662
1.440380251	0.066578351
1.441343818	0.066902085
1.442215807	0.067187003
1.443117659	0.067473613
1.443925941	0.068035832
1.44470436	0.067862626
1.445512642	0.068250597
1.446320924	0.06832378
1.447192913	0.06861026
1.447877762	0.069203649
1.448686044	0.069347514
1.449556042	0.069459356
1.450396178	0.069885918
1.451236313	0.070137232
1.452076448	0.070459109
1.452948437	0.070606962
1.453818435	0.071071657
1.454658571	0.071605832
1.45543699	0.071573669
1.456151702	0.071785106
1.456959984	0.072036617
1.457861836	0.072010609
1.458920964	0.072451499
1.459635676	0.072840415
1.460475811	0.07288234
1.461222377	0.073344164
1.462030659	0.073349335
1.462902648	0.073711874
1.463740792	0.07382499
1.464425642	0.074036822
1.465327494	0.074224337
1.466167629	0.074799399
1.466946048	0.075052228
1.46775433	0.075413431
1.468626319	0.075849393
1.469558033	0.075790765
1.470491738	0.076159366
1.471238304	0.076554264
1.472016723	0.076666053
1.472699582	0.07712952
1.473446148	0.07695456
1.474224567	0.077245084
1.475158272	0.077686907
1.475998407	0.078231489
1.477055544	0.077965644
1.47789568	0.078367834
1.478642246	0.078693842
1.479482381	0.079275896
1.480322516	0.07928507
1.481192514	0.079475124
1.481907227	0.079656999
1.482747362	0.07991757
1.483557635	0.080140849
1.484365917	0.0804361
1.485206052	0.08084124
1.486137766	0.08103589
1.487009755	0.081083437
1.488005176	0.081642124
1.488813458	0.081830667
1.489404738	0.082151671
1.490151304	0.082445417
1.490991439	0.082564102
1.491955007	0.082834209
1.492950428	0.082817177
1.493635278	0.083433816
1.494413697	0.083477298
1.495221979	0.083956895
1.49612383	0.084587146
1.496995819	0.084636446
1.497710532	0.085003232
1.498457097	0.085118168
1.499265379	0.085381893
1.500105515	0.085829282
1.50094565	0.08616809
1.501847501	0.086256229
1.502749353	0.086489957
1.503714911	0.086800396
1.504553056	0.087322365
1.505363329	0.087442291
1.505984471	0.087733623
1.506669321	0.088247775
1.507509457	0.088041472
1.508379455	0.08864012
1.509313159	0.088841169
1.510153295	0.08921971
1.511148716	0.089095572
1.511956998	0.089582537
1.51276528	0.089776942
1.513543699	0.090519442
1.514290265	0.090747419
1.515192116	0.09072809
1.515938682	0.091323376
1.516778817	0.09126381
1.517557237	0.091972052
1.518397372	0.09239062
1.519205654	0.092403017
1.520139359	0.092938302
1.521102927	0.092997213
1.521911208	0.093009779
1.522596058	0.0933097
1.523342624	0.09379807
1.524182759	0.094034326
1.524991041	0.094121118
1.525892893	0.094989604
1.526794744	0.09471303
1.527605017	0.095355103
1.528506868	0.095189338
1.529376866	0.095761951
1.530185148	0.096146016
1.530901851	0.096524659
1.53167828	0.096981567
1.532518415	0.096775013
1.533390404	0.097238486
1.53423054	0.097663247
1.535038821	0.097640363
1.535847103	0.097952089
1.536687239	0.098787037
1.53768266	0.098776564
1.538397372	0.099157719
1.539143938	0.099429444
1.539922357	0.099666161
1.540700776	0.100052288
1.541570774	0.100034133
1.542472626	0.100466135
1.543406331	0.100863285
1.544214613	0.1013274
1.545116464	0.101349165
1.5459566	0.101591434
1.546703165	0.101640494
1.547388015	0.102022701
1.548196297	0.102300913
1.549191718	0.102816816
1.550001991	0.103396017
1.550840135	0.103189072
1.551618555	0.103503853
1.55236512	0.10423023
1.553173402	0.104622964
1.554168823	0.104765279
1.555070675	0.104713113
1.555787378	0.104987395
1.556563806	0.105416682
1.557342226	0.10565794
1.558150508	0.105939143
1.558990643	0.106147256
1.559924348	0.106399683
1.560858053	0.106501162
1.561634481	0.106894447
1.562474617	0.107330278
1.563253036	0.107875815
1.563999602	0.10807881
1.56477603	0.108473457
1.565648019	0.108723451
1.566518017	0.108366634
1.567451722	0.109721621
1.568291857	0.109590564
1.569070277	0.109834919
1.569846705	0.11038341
1.570718694	0.110710947
1.571714115	0.110781109
1.572335258	0.111395956
1.573081824	0.111296491
1.573921959	0.111737026
1.574762094	0.112101708
1.575663946	0.11220406
1.576565797	0.112955404
1.577467649	0.112981823
1.578339638	0.113808606
1.579241489	0.113835397
1.580019908	0.113968022
1.580702767	0.11466793
1.581449333	0.114836962
1.582353175	0.115247418
1.583410313	0.115477769
1.584031455	0.116175091
1.584841728	0.116234518
1.585588294	0.116404448
1.586426438	0.116389155
1.587298427	0.11691433
1.588200279	0.117249943
1.588914991	0.117302707
1.589848696	0.11783358
1.590720685	0.118013757
1.591467251	0.11830035
1.592213816	0.118895579
1.593053952	0.118804024
1.593985666	0.119645413
1.594887517	0.119365552
1.595634083	0.120425943
1.596412502	0.120909886
1.597127215	0.121157374
1.59796735	0.121608024
1.598807486	0.121788096
1.599679474	0.121428454
1.60051961	0.12218979
1.601483177	0.122108245
1.602261597	0.122516758
1.603038025	0.123003087
1.60387816	0.123261726
1.604718296	0.123792554
1.605620147	0.123628864
1.606398567	0.123961071
1.607300418	0.124380923
1.608076847	0.124713563
1.608855266	0.125007665
1.609633685	0.125263018
1.610503683	0.125564694
1.611375672	0.125554647
1.612339239	0.126020123
1.613179375	0.126163908
1.613800518	0.126603237
1.614517221	0.127011294
1.615325503	0.127153104
1.616259208	0.127696218
1.617284491	0.128090498
1.618031057	0.128502224
1.61884133	0.128605772
1.619649612	0.129179802
1.62051961	0.12909224
1.621359745	0.129826554
1.622106311	0.129572124
1.622916584	0.130029806
1.623786582	0.130414046
1.624626717	0.130717544
1.625405136	0.131724721
1.626213418	0.131672099
1.6270217	0.131973915
1.628017121	0.132448851
1.628950826	0.132603697
1.629759108	0.132945725
1.630412104	0.13303847
1.631128807	0.133333919
1.631998805	0.133760677
1.632900657	0.134150894
1.633866215	0.134348902
1.634736213	0.135132916
1.635608202	0.135125791
1.636354768	0.135385575
1.63716305	0.135729934
1.637939478	0.135992602
1.638749751	0.136496347
1.639713319	0.136933928
1.640398168	0.136832244
1.641238304	0.137061281
1.641921163	0.137476111
1.642699582	0.13789926
1.643539717	0.138208558
1.644441569	0.138523298
1.64543699	0.138646991
1.646245272	0.139512311
1.646991838	0.139535701
1.647770257	0.140040523
1.648640255	0.140034625
1.64948039	0.140625193
1.650414095	0.14134418
1.651286084	0.141059015
1.652124229	0.141650651
1.652934501	0.142120349
1.653742783	0.142470141
1.654582919	0.142662706
1.655297631	0.143085049
1.656105913	0.143515813
1.656977902	0.14375186
1.6578479	0.14390762
1.658688035	0.144261681
1.659498308	0.144653606
1.660336452	0.145008077
1.661208441	0.144641781
1.662235716	0.145697174
1.662888712	0.145995992
1.663603424	0.14642127
1.664318137	0.146887158
1.665096556	0.14651237
1.665936691	0.14727203
1.666806689	0.147913959
1.667740394	0.14775453
1.66858053	0.148394583
1.669452518	0.148593401
1.670290663	0.148910659
1.671100936	0.149225672
1.671815648	0.149572853
1.67262393	0.150009662
1.673589488	0.150379917
1.674365917	0.150328059
1.675237906	0.150811974
1.676107904	0.151580218
1.676886323	0.151772423
1.677601035	0.15199959
1.678566594	0.152371578
1.679498308	0.152659483
1.680276727	0.153421877
1.681085009	0.153251454
1.681863428	0.15389254
1.682609994	0.153797887
1.683418276	0.15403481
1.684320127	0.1548922
1.685253832	0.154447597
1.686000398	0.155618245
1.686872387	0.155780419
1.687710532	0.155735226
1.688457097	0.156499123
1.68926737	0.156778737
1.690137368	0.15685948
1.690977503	0.157224058
1.691849492	0.157346099
1.692657774	0.158077023
1.693466056	0.15827552
1.694274338	0.158597206
1.695146327	0.159007188
1.696109894	0.159056504
1.696794744	0.159695912
1.69754131	0.159889484
1.698349592	0.160171227
1.699157874	0.160329739
1.700061716	0.161197135
1.701025284	0.161453247
1.701958989	0.161789128
1.70286084	0.1624521
1.703700976	0.162325989
1.704477404	0.162523778
1.705100538	0.162954766
1.705785387	0.163226728
1.706655385	0.163888505
1.707712522	0.164072719
1.708459088	0.164475383
1.709269361	0.164636163
1.710015927	0.165246333
1.710792355	0.165362786
1.711632491	0.165651212
1.712596058	0.166159138
1.713312761	0.166767973
1.714182759	0.167599757
1.715116464	0.166611314
1.715924746	0.167188406
1.716671312	0.167843069
1.717511447	0.168008384
1.718413299	0.168845549
1.719285288	0.168723082
1.720061716	0.169132461
1.720871989	0.169878816
1.721586701	0.170074425
1.72236512	0.170526658
1.723235118	0.170863143
1.724107107	0.170824365
1.724915389	0.171572698
1.725849094	0.171707359
1.72668923	0.172167221
1.727465658	0.172788393
1.72827394	0.172994781
1.729145929	0.173165801
1.729924348	0.173369416
1.730670914	0.173988998
1.731509058	0.17415711
1.732349194	0.17453523
1.733159466	0.174952586
1.734029464	0.175628214
1.734931316	0.175845581
1.735803305	0.176312224
1.736798726	0.17649744
1.737607008	0.176832016
1.738260004	0.177403533
1.739038423	0.177651407
1.739878559	0.177821487
1.740810273	0.178422515
1.741712124	0.178852327
1.742428827	0.179221251
1.743237109	0.179431016
1.744045391	0.180401015
1.744979096	0.180159585
1.745880948	0.180252696
1.746627513	0.180879561
1.747435795	0.181259442
1.748339638	0.182030519
1.749177782	0.182033078
1.749956201	0.182622548
1.750734621	0.182958126
1.751604619	0.183218691
1.752570177	0.184041086
1.753408322	0.183237538
1.754186741	0.183998474
1.754871591	0.184410235
1.755586303	0.184867914
1.756394585	0.184995556
1.757204858	0.185634014
1.758106709	0.185473872
1.758946845	0.186627241
1.759848696	0.186680318
1.760688831	0.187153123
1.761497113	0.187878808
1.762337249	0.187456357
1.763083814	0.188176113
1.76392395	0.188564752
1.764700378	0.189032312
1.765634083	0.189346086
1.766474219	0.189735584
1.7672825	0.190036358
1.768090782	0.190679815
1.769056341	0.190998117
1.770051762	0.191191305
1.770860044	0.191493001
1.771483177	0.19164617
1.772166036	0.192492417
1.773006172	0.192583673
1.77387816	0.193236752
1.774841728	0.19385741
1.775713717	0.193565694
1.776551861	0.194517373
1.777362134	0.194864304
1.778232132	0.19517497
1.779040414	0.195479065
1.779725264	0.195726686
1.780533546	0.196074251
1.781373681	0.19638243
1.78224567	0.196608021
1.783022098	0.197125397
1.783862234	0.197607015
1.784734223	0.198222176
1.785604221	0.198362038
1.786663349	0.198912302
1.787346207	0.198815217
1.788031057	0.199454215
1.788745769	0.199793807
1.789492335	0.200223828
1.790332471	0.200751324
1.791204459	0.200935842
1.792138164	0.201344336
1.792976309	0.202046289
1.793880151	0.202278447
1.794718296	0.202590235
1.795496715	0.202938951
1.796211427	0.203150208
1.797051563	0.204071957
1.798017121	0.20413807
1.79879355	0.204531102
1.799603822	0.205058973
1.800441967	0.205416042
1.80125224	0.205726557
1.802092375	0.205822512
1.803055943	0.206107194
1.803896078	0.206377941
1.80461079	0.206765575
1.80538921	0.207510474
1.806229345	0.207956914
1.807037627	0.208487513
1.807845909	0.208580769
1.808811467	0.209305327
1.809775035	0.209285365
1.81061517	0.210478533
1.811485168	0.210886699
1.812231734	0.210754214
1.812916584	0.211316718
1.813695003	0.211495282
1.814565001	0.211948222
1.815311567	0.212474966
1.816183556	0.212972808
1.816991838	0.21333156
1.817800119	0.213646532
1.818608401	0.213829598
1.819542106	0.214027495
1.820631097	0.214684587
1.821315947	0.214721243
1.822092375	0.215430437
1.822902648	0.215879343
1.823772646	0.216335646
1.824644635	0.217057605
1.82548477	0.217466951
1.826322915	0.217522577
1.827194903	0.218599758
1.828096755	0.218353542
1.828875174	0.219110759
1.829496317	0.219007985
1.830181167	0.219045654
1.831021302	0.219500883
1.832016723	0.220152518
1.832825005	0.220382784
1.83375871	0.220894663
1.834628708	0.221265995
1.835407127	0.221804285
1.836277125	0.222220655
1.837149114	0.222593079
1.83780211	0.223072687
1.838642246	0.223708893
1.839482381	0.223722034
1.840258809	0.224262048
1.841098945	0.224765639
1.84203265	0.224879628
1.842996217	0.226202127
1.843836353	0.225814147
1.844614772	0.226222126
1.845361338	0.227252004
1.84607605	0.227071824
1.846822616	0.227610826
1.847662751	0.227669631
1.848596456	0.227829442
1.849466454	0.229011415
1.85030659	0.228712231
1.851053155	0.229342349
1.851799721	0.229838387
1.852639857	0.229942661
1.853479992	0.230361085
1.854413697	0.230746537
1.855160263	0.23151322
1.855936691	0.232194307
1.85671511	0.232651349
1.857523392	0.232707652
1.858395381	0.233356863
1.859297233	0.233650185
1.860167231	0.234074797
1.861132789	0.234691999
1.861972925	0.234662689
1.862655783	0.235154655
1.863372487	0.235651198
1.864180768	0.23552773
1.865114473	0.236413421
1.866171611	0.236908904
1.86695003	0.237730998
1.867758312	0.238014818
1.868598447	0.238212369
1.869500299	0.238825268
1.870340434	0.239476034
1.871148716	0.239806057
1.871895282	0.239856412
1.872735417	0.240190787
1.873543699	0.240657369
1.874322118	0.241256571
1.875098547	0.241447314
1.875908819	0.242005864
1.876872387	0.242766399
1.877774239	0.242837584
1.87858252	0.243487947
1.87926737	0.243804227
1.87995222	0.244211711
1.880792355	0.244639625
1.881662353	0.244980593
1.882627912	0.24496955
1.88349791	0.245584413
1.884431615	0.245979923
1.885210034	0.246583647
1.885986462	0.247233189
1.886826598	0.247343322
1.88763488	0.247814923
1.888506868	0.248386666
1.889221581	0.248892364
1.89009357	0.249007242
1.890840135	0.249609211
1.891648417	0.249944925
1.892456699	0.250601591
1.893390404	0.250633543
1.894385825	0.250811179
1.895194107	0.251835963
1.895878957	0.252064682
1.896593669	0.253124075
1.897403942	0.2533241
1.898212224	0.253523938
1.899114075	0.254196189
1.900015927	0.253718834
1.900856062	0.25456743
1.901757914	0.255240778
1.902598049	0.255307467
1.903438184	0.255788909
1.90418475	0.256258083
1.904993032	0.256597488
1.905801314	0.257029378
1.906703165	0.258166685
1.907543301	0.257818564
1.90832172	0.259078932
1.909100139	0.259554414
1.909938284	0.259344646
1.910997412	0.260043716
1.91177384	0.26038082
1.912520406	0.261084505
1.913266972	0.26178866
1.914013538	0.261844467
1.914791957	0.261904595
1.915632092	0.262947175
1.91659566	0.262522558
1.917467649	0.263663409
1.918431216	0.263795905
1.919239498	0.264139402
1.920017918	0.264804408
1.920702767	0.265410428
1.921511049	0.265940851
1.92250647	0.266125169
1.92328489	0.266745178
1.924061318	0.266573338
1.924839737	0.267473493
1.925616166	0.267348259
1.926426438	0.26839365
1.927358152	0.268523458
1.928261995	0.26883614
1.928944854	0.269585223
1.929755126	0.269978816
1.930563408	0.270465857
1.93137169	0.271233797
1.932273542	0.271266876
1.9332391	0.271917335
1.934234521	0.271963677
1.935072666	0.272456357
1.935912801	0.273043391
1.936629504	0.273472718
1.937344217	0.273948916
1.938152499	0.274907926
1.93905435	0.274707191
1.939926339	0.27581713
1.940796337	0.275893833
1.941542903	0.276423057
1.942353175	0.276867631
1.943129604	0.277260599
1.944001593	0.277526232
1.944997014	0.278233471
1.945681863	0.279038104
1.946458292	0.279243714
1.947236711	0.279685428
1.948044993	0.2801317
1.948916982	0.28044585
1.949848696	0.281099253
1.950720685	0.28117773
1.951590683	0.281964688
1.952524388	0.282335972
1.953302807	0.282968782
1.95392395	0.283579181
1.954670516	0.283971503
1.955542504	0.283861436
1.956599642	0.284915018
1.957346207	0.285260698
1.958216205	0.285671977
1.958932909	0.286725168
1.959679474	0.286549742
1.960487756	0.287474912
1.961359745	0.287032889
1.962042604	0.287512877
1.962944456	0.28864314
1.963848298	0.28896625
1.964686442	0.289042005
1.965464862	0.290060734
1.966273144	0.290037191
1.967174995	0.290694165
1.9681087	0.290689178
1.968948835	0.291528381
1.969727255	0.292168261
1.970380251	0.292599082
1.971156679	0.292666653
1.971996815	0.293507613
1.97293052	0.294028749
1.973832371	0.294736664
1.974827792	0.295076569
1.975606211	0.295288551
1.976352777	0.295974381
1.977222775	0.296870664
1.978094764	0.297193172
1.978871193	0.297453568
1.979587896	0.297896823
1.980428031	0.29845482
1.981236313	0.299200264
1.982014732	0.299317818
1.982791161	0.299483081
1.983693012	0.300243705
1.984626717	0.300336973
1.985590285	0.301348182
1.986462274	0.302057702
1.987147123	0.302402413
1.987893689	0.303189887
1.988701971	0.303313165
1.989635676	0.304226375
1.99066096	0.303997547
1.991407525	0.304593737
1.992185945	0.30533988
1.992994227	0.305946329
1.993866215	0.305983634
1.994674497	0.306832133
1.995452917	0.307290086
1.996261198	0.3076079
1.99716305	0.308230443
1.998003185	0.308360104
1.998779614	0.309157486
1.999619749	0.31011052
2.000491738	0.310197315
2.001455306	0.310734417
2.002263587	0.311490159
2.003042007	0.311465757
2.00366514	0.312387405
2.004411706	0.31216407
2.005281704	0.311231373
2.00612184	0.312478978
2.007085407	0.312483273
2.007957396	0.313202459
2.008891101	0.313834513
2.009637667	0.313659186
2.010414095	0.315094684
2.011222377	0.315562252
2.011968943	0.316361412
2.012840932	0.317278316
2.013587498	0.318273588
2.014489349	0.318464914
2.015267768	0.319515093
2.01607605	0.320277844
2.016884332	0.320748094
2.017786184	0.321673226
2.018813458	0.321348176
2.019683456	0.321633368
2.020338443	0.322471453
2.021085009	0.322786361
2.021923153	0.323116049
2.022763289	0.323348262
2.023635278	0.324124633
2.024475413	0.324308216
2.025251842	0.325217196
2.02612383	0.325160987
2.026963966	0.325835684
2.027833964	0.326515638
2.028550667	0.326925744
2.029358949	0.327793064
2.030228947	0.328376014
2.031100936	0.329205561
2.031941071	0.329489331
2.032749353	0.329521959
2.033557635	0.330046897
2.03439777	0.331316208
2.035393191	0.331774018
2.036139757	0.332339421
2.036886323	0.332263999
2.037632889	0.333027167
2.038411308	0.333894734
2.039281306	0.333938486
2.040215011	0.334585382
2.041210432	0.334649778
2.042018714	0.335870051
2.042858849	0.336453411
2.043667131	0.336339116
2.04444555	0.337259262
2.0451304	0.337471275
2.045906829	0.33814431
2.04680868	0.33903676
2.047587099	0.339512747
2.048459088	0.33990533
2.04926737	0.340535641
2.050043799	0.341161042
2.050854071	0.341444857
2.051879355	0.342062696
2.052844913	0.342919541
2.053527772	0.343083332
2.054244475	0.343700468
2.055052757	0.343835703
2.055861039	0.344817177
2.056701175	0.345605476
2.057666733	0.345568437
2.058568585	0.346268183
2.05931515	0.34699211
2.060155286	0.347532733
2.060931714	0.347813415
2.061710133	0.348094546
2.062518415	0.349079993
2.063420267	0.34948244
2.064292256	0.350429855
2.06522397	0.351038069
2.066034242	0.351075746
2.066810671	0.35195834
2.067620944	0.35264702
2.068429226	0.352935127
2.069424647	0.353806475
2.070109496	0.354073934
2.070824209	0.354296461
2.071602628	0.35483092
2.072440772	0.355576642
2.073344615	0.355982728
2.074308182	0.356650421
2.075148318	0.357146592
2.076018316	0.357748725
2.076920167	0.358105291
2.077698587	0.358189199
2.078383436	0.360118931
2.079130002	0.359694525
2.079970137	0.359789508
2.080995421	0.360823443
2.081741987	0.361507349
2.082613976	0.362213467
2.083390404	0.362499841
2.08423054	0.362797418
2.085164244	0.363515316
2.086036233	0.364323955
2.086657376	0.36458401
2.087497511	0.365034068
2.088305793	0.366186696
2.089114075	0.366328429
2.089860641	0.367117166
2.090700776	0.367619105
2.091572765	0.368481439
2.092536333	0.368701862
2.093253036	0.369487037
2.094061318	0.369883228
2.094807884	0.370370149
2.095584312	0.370659646
2.096424448	0.371468138
2.097326299	0.371627938
2.098166434	0.371980015
2.099193709	0.373178698
2.100063707	0.373536755
2.100842126	0.374183891
2.101714115	0.374797202
2.102584113	0.375054169
2.103392395	0.376420658
2.104109098	0.377058388
2.10491738	0.376948401
2.105725662	0.373524121
2.106533944	0.376931861
2.107374079	0.378000658
2.108275931	0.380561672
2.10914792	0.382200073
2.110049771	0.380728593
2.110858053	0.382152195
2.111511049	0.381554648
2.112257615	0.383070449
2.113067888	0.383729035
2.114063309	0.38319317
2.115120446	0.385382115
2.115835158	0.386332032
2.116645431	0.385762474
2.117421859	0.386365403
2.118293848	0.384883221
2.119133984	0.386831746
2.119972128	0.38636877
2.120782401	0.385848885
2.121684252	0.387605513
2.122460681	0.387541792
2.123177384	0.389214915
2.12392395	0.390431734
2.124764085	0.390740514
2.125759506	0.39179858
2.126599642	0.392828781
2.127407924	0.392720533
2.12806092	0.393871614
2.128775632	0.394519339
2.129615767	0.39503599
2.130455903	0.39612036
2.131389608	0.396242359
2.132259606	0.398107841
2.133193311	0.398592077
2.13397173	0.398789196
2.134780012	0.398733487
2.135588294	0.399039585
2.136396576	0.398828513
2.137330281	0.399261577
2.138076847	0.400332888
2.138916982	0.400024086
2.139695401	0.400946797
2.140503683	0.401616538
2.141343818	0.402292656
2.14224567	0.403292012
2.143209238	0.40404424
2.143987657	0.404762028
2.144672506	0.405462541
2.145448935	0.405972964
2.146259208	0.406593996
2.14706749	0.407318978
2.147969341	0.407958148
2.148932909	0.408089124
2.149866614	0.409723974
2.150768465	0.409947926
2.151576747	0.410727145
2.15238702	0.410777591
2.153101732	0.411956656
2.153941867	0.412013093
2.154720287	0.412370681
2.155496715	0.413249951
2.156243281	0.414124012
2.1570217	0.414639111
2.157829982	0.415264714
2.158731834	0.415804158
2.159759108	0.416577265
2.160599243	0.417785607
2.161375672	0.417831074
2.162185945	0.418877718
2.163024089	0.419616199
2.163864225	0.41936003
2.164736213	0.420786981
2.165606211	0.421428017
2.166352777	0.421992932
2.167224766	0.423002393
2.168033048	0.422845186
2.168779614	0.423148332
2.169494326	0.424548502
2.170304599	0.424549415
2.17120645	0.42561955
2.172014732	0.426672047
2.172854868	0.426889695
2.173724866	0.427744842
2.174565001	0.428226081
2.175375274	0.428543662
2.176338841	0.429313137
2.177208839	0.429379322
2.177925543	0.431102695
2.178701971	0.431414642
2.179448537	0.431615244
2.180258809	0.43246199
2.181128807	0.433321111
2.182094366	0.433618607
2.18302608	0.434385189
2.183772646	0.435326881
2.184612781	0.435547255
2.1853912	0.436602005
2.186137766	0.436645289
2.186977902	0.438136929
2.187909616	0.438535492
2.188749751	0.438809877
2.189589887	0.440091662
2.190398168	0.440254121
2.191208441	0.441106707
2.19198487	0.441793754
2.192856858	0.442341174
2.193913996	0.443404361
2.194566992	0.444280257
2.195345411	0.444597313
2.19612184	0.444914078
2.196900259	0.445869684
2.197740394	0.446040193
2.198610392	0.446962055
2.199482381	0.447458861
2.200290663	0.44820933
2.201192514	0.448819423
2.20203265	0.449203997
2.2027175	0.450143721
2.203464065	0.451470047
2.20439777	0.451928231
2.205454907	0.452892568
2.20616962	0.453359844
2.207009755	0.45385312
2.207818037	0.454553917
2.20862831	0.454827694
2.209530161	0.455334412
2.210400159	0.456423549
2.211085009	0.45699326
2.21198686	0.457661688
2.212795142	0.458525444
2.213541708	0.459001724
2.214288274	0.459639065
2.215128409	0.460617985
2.216093968	0.461301691
2.216995819	0.46148942
2.217772248	0.462617625
2.218550667	0.462941154
2.219235517	0.463997547
2.220011945	0.464213636
2.22085208	0.465464785
2.221724069	0.466185491
2.222564205	0.466792298
2.223589488	0.467922911
2.224429624	0.468422868
2.225208043	0.4690717
2.225954609	0.469875842
2.226794744	0.470161021
2.227696596	0.470944769
2.228473024	0.472080157
2.229313159	0.472528024
2.230185148	0.472658852
2.230961577	0.473471628
2.231801712	0.47397416
2.232673701	0.475186485
2.233543699	0.475750216
2.234509257	0.47655103
2.235285686	0.477366096
2.235970536	0.478216168
2.236717101	0.479079891
2.237557237	0.478988947
2.238459088	0.479940805
2.239454509	0.480859143
2.240169222	0.481771986
2.241009357	0.482115451
2.241849492	0.483598962
2.242751344	0.484173632
2.24349791	0.484823701
2.244276329	0.485970053
2.245146327	0.486538974
2.246050169	0.487441832
2.246888314	0.488330981
2.247666733	0.488772274
2.248475015	0.489220254
2.24931515	0.49038338
2.250217002	0.490906905
2.251088991	0.49158769
2.251803703	0.49196186
2.252488553	0.492547799
2.253235118	0.493856763
2.254168823	0.494770954
2.255070675	0.495460322
2.25600438	0.495774716
2.256812662	0.497154518
2.25768266	0.497838159
2.258492933	0.498290257
2.259301214	0.498523292
2.260077643	0.499132401
2.260794346	0.500494981
2.261664344	0.500632819
2.26241091	0.502441474
2.263251045	0.503011655
2.264059327	0.504013595
2.264899462	0.505078064
2.265739598	0.50559458
2.266735019	0.506420436
2.26773044	0.50741155
2.268477006	0.507633523
2.269161855	0.508281267
2.269908421	0.508613378
2.270778419	0.50952309
2.271618555	0.510316633
2.272520406	0.511289579
2.273392395	0.511540812
2.274262393	0.512948043
2.275072666	0.513846921
2.275880948	0.514800964
2.27668923	0.515369676
2.277467649	0.515766463
2.278307784	0.51739101
2.279116066	0.517740119
2.279956201	0.518648632
2.280764483	0.518666829
2.281636472	0.51991479
2.282444754	0.520154238
2.28328489	0.521009123
2.284216604	0.521830113
2.284963169	0.522277296
2.285741589	0.523064013
2.286520008	0.523851146
2.287360143	0.524874384
2.288198288	0.525842372
2.289038423	0.526257139
2.289940275	0.527517961
2.29078041	0.527988831
2.291652399	0.528911154
2.292460681	0.529486258
2.2932391	0.530332364
2.293921959	0.530990168
2.294732232	0.532066728
2.295695799	0.53262366
2.296504081	0.534368141
2.297405933	0.534299854
2.298246068	0.53477348
2.298992634	0.536227507
2.2997392	0.536791426
2.300641051	0.538060337
2.301544893	0.538661815
2.302291459	0.539171017
2.303099741	0.54069867
2.303908023	0.541055785
2.304748158	0.54220177
2.305588294	0.542734368
2.306551861	0.543743073
2.307453713	0.543955674
2.308138563	0.545793734
2.308916982	0.545865991
2.30969341	0.546776573
2.310410113	0.548065082
2.311218395	0.548704513
2.312181963	0.549885018
2.313147521	0.550562715
2.314172805	0.55119898
2.31501294	0.552800427
2.31579136	0.553490957
2.316537926	0.554230296
2.317378061	0.555329072
2.318309775	0.555383945
2.318994625	0.55683946
2.319773044	0.557363388
2.320549472	0.557606125
2.321296038	0.558628603
2.322106311	0.559385852
2.323038025	0.561072743
2.324003584	0.562375104
2.324905435	0.562649633
2.325713717	0.563971498
2.326492136	0.564948902
2.327176986	0.565171554
2.327923552	0.56642382
2.32879355	0.567424927
2.32988254	0.568310816
2.33066096	0.569572907
2.331562811	0.570075575
2.332309377	0.571105199
2.333117659	0.572094008
2.333987657	0.572702928
2.334891499	0.573716197
2.335544495	0.574611807
2.336446347	0.575173124
2.337286482	0.576738173
2.338001195	0.577084363
2.338715907	0.577317401
2.33952618	0.578593714
2.340457894	0.579277496
2.341391599	0.580472363
2.342170018	0.581799569
2.3429783	0.581886887
2.343693012	0.583256096
2.344471431	0.584414852
2.345311567	0.584567488
2.346245272	0.5858796
2.347176986	0.587192073
2.348236114	0.588025615
2.349012542	0.589016317
2.349697392	0.590325911
2.350443958	0.590570386
2.35125224	0.591684371
2.352124229	0.592416373
2.352870794	0.592433496
2.35371093	0.594753687
2.354551065	0.595422066
2.355359347	0.595968648
2.356167629	0.597257116
2.35706948	0.597885227
2.357877762	0.599574631
2.358811467	0.600326086
2.359713319	0.601241241
2.360459885	0.601717232
2.361176588	0.602528815
2.36198487	0.60376451
2.362886721	0.604624379
2.363850289	0.606130135
2.364566992	0.606600176
2.365375274	0.607437534
2.366183556	0.608103445
2.367023691	0.609981432
2.367831973	0.610419056
2.368610392	0.611365297
2.369450528	0.612844323
2.370320526	0.613356306
2.371192514	0.614845052
2.37203265	0.616154147
2.372840932	0.616938642
2.373681067	0.617789293
2.374614772	0.619067246
2.375516624	0.619762509
2.376293052	0.621058286
2.377009755	0.621188046
2.377786184	0.622484848
2.378658172	0.623922615
2.379560024	0.625023417
2.380461875	0.626124875
2.381270157	0.626971712
2.382110293	0.627538983
2.382856858	0.629408849
2.383603424	0.629663762
2.384381844	0.630562191
2.385190125	0.631468979
2.38612383	0.632236152
2.38690225	0.634118438
2.387804101	0.634878374
2.388612383	0.635382461
2.389452518	0.636994485
2.390228947	0.63720147
2.391162652	0.638897817
2.39212821	0.639677093
2.392874776	0.641093448
2.393621342	0.641525294
2.394336054	0.642586461
2.39517619	0.643565864
2.395984471	0.644479213
2.396948039	0.646305408
2.397851881	0.646549117
2.398660163	0.647638244
2.399468445	0.649134647
2.400276727	0.649934495
2.401055146	0.65130801
2.401801712	0.651859453
2.40267171	0.652328278
2.403511846	0.654244072
2.404351981	0.654880277
2.405192116	0.656332086
2.406000398	0.657368244
2.406840534	0.657947449
2.407648815	0.659334337
2.408644237	0.660598384
2.40936094	0.661961709
2.410201075	0.662484325
2.411009357	0.663231896
2.411755923	0.664605185
2.412534342	0.665579087
2.413372487	0.66674528
2.414276329	0.667053443
2.415084611	0.669206496
2.416018316	0.669933214
2.416794744	0.671026279
2.417511447	0.671459414
2.418258013	0.672369413
2.419128011	0.674427117
2.420155286	0.675592501
2.420931714	0.677450553
2.421833566	0.677996118
2.422673701	0.678641938
2.423483974	0.680218553
2.424292256	0.681149814
2.425287677	0.682310351
2.426034242	0.683518994
2.426748955	0.684014155
2.42758909	0.68513265
2.428397372	0.686242754
2.429175791	0.686874453
2.430015927	0.688641802
2.430949632	0.689553873
2.431881346	0.690642526
2.432691619	0.69228631
2.433529763	0.693290828
2.434246466	0.694261238
2.434993032	0.695712295
2.435833167	0.696719061
2.436764882	0.696926556
2.437605017	0.697993146
2.438477006	0.699364652
2.439285288	0.700423347
2.44009357	0.701423507
2.440871989	0.702474684
2.441712124	0.703958021
2.442613976	0.70516432
2.443328688	0.705311492
2.444200677	0.707161111
2.445070675	0.708182456
2.44591081	0.709965588
2.446750946	0.710150208
2.447684651	0.710954602
2.448461079	0.712484389
2.449239498	0.713659761
2.45014135	0.715465004
2.450887916	0.716573162
2.451572765	0.716951474
2.452319331	0.717704207
2.453221183	0.719037347
2.454310173	0.720961042
2.455088592	0.722021938
2.455896874	0.722794831
2.456581724	0.724126535
2.45732829	0.724882096
2.458198288	0.726150584
2.459070277	0.727837169
2.459816843	0.729249332
2.460748557	0.730180958
2.461620545	0.731274152
2.462428827	0.733243335
2.463237109	0.733901516
2.464109098	0.735115937
2.465134382	0.737391529
2.465912801	0.737504962
2.466597651	0.738963989
2.467312363	0.740133968
2.468058929	0.741075031
2.468867211	0.742692645
2.4697392	0.742895159
2.470609198	0.745130948
2.471355763	0.746612733
2.472259606	0.747604121
2.47309775	0.748755793
2.473908023	0.749779824
2.474778021	0.75160147
2.47565001	0.752945273
2.476551861	0.754358896
2.47732829	0.755435169
2.478261995	0.757100038
2.479133984	0.758687032
2.479974119	0.759724759
2.480844117	0.76095238
2.481745969	0.762370729
2.482492534	0.763862352
2.48333267	0.765383573
2.484079236	0.765974554
2.484764085	0.766787367
2.485478798	0.767609735
2.486257217	0.768933739
2.487159068	0.770657981
2.488186343	0.772723439
2.488962771	0.773989077
2.489864623	0.775354695
2.490704758	0.776701854
2.491576747	0.77769772
2.492385029	0.780363942
2.493193311	0.780617015
2.494033446	0.782450154
2.494935298	0.783397601
2.495775433	0.785413881
2.496553852	0.78632379
2.497362134	0.787122588
2.498263986	0.789040083
2.499227553	0.790978289
2.500005973	0.792737971
2.500784392	0.793590321
2.501467251	0.794049289
2.502213816	0.795195069
2.503053952	0.79691662
2.503894087	0.798639148
2.504859646	0.800584681
2.505636074	0.801560867
2.506508063	0.800079801
2.507254629	0.800621648
2.508001195	0.801831665
2.508809476	0.802333065
2.509617758	0.803989166
2.510551463	0.805625631
2.511298029	0.807932613
2.512199881	0.810838363
2.513008162	0.812924674
2.513848298	0.815265959
2.514626717	0.817101466
2.515560422	0.820084879
2.51652399	0.82155673
2.517364125	0.823050067
2.518048975	0.823700766
2.518795541	0.824310909
2.519603822	0.825673563
2.520443958	0.826681207
2.521375672	0.828329906
2.522247661	0.830265301
2.523117659	0.831773533
2.523927932	0.833812898
2.524642644	0.834782565
2.525421063	0.836201768
2.526135775	0.837233571
2.527007764	0.839174612
2.527909616	0.841187938
2.528779614	0.84270203
2.529619749	0.844758246
2.530428031	0.84613102
2.53120645	0.847310634
2.532076448	0.84870543
2.533071869	0.851308415
2.533818435	0.85278635
2.534628708	0.854040995
2.535375274	0.855397556
2.536151702	0.856457816
2.537023691	0.858779448
2.537863826	0.861030216
2.538827394	0.861971858
2.539635676	0.863906577
2.540507665	0.865987092
2.541284093	0.867790062
2.542030659	0.869091354
2.542809078	0.870404163
2.543649214	0.872169891
2.544612781	0.874410281
2.5453912	0.875972037
2.546261198	0.877442842
2.547133187	0.879038482
2.547879753	0.880406585
2.548688035	0.882413807
2.549653593	0.883982804
2.550491738	0.885076213
2.551208441	0.886807467
2.552016723	0.887459181
2.552795142	0.889893261
2.553603424	0.891535297
2.554411706	0.892930794
2.555345411	0.895237113
2.556247263	0.896481486
2.556961975	0.898713318
2.557833964	0.899948797
2.558642246	0.901410283
2.559420665	0.90255212
2.560197093	0.904437666
2.561069082	0.905799905
2.561909218	0.907523774
2.562840932	0.909715449
2.563681067	0.911068935
2.56449134	0.912660865
2.565237906	0.914168801
2.56607605	0.915896539
2.567103325	0.918376553
2.567818037	0.919875735
2.568596456	0.920652139
2.569404738	0.922497178
2.570244874	0.924167951
2.571116862	0.926286872
2.572048577	0.928366299
2.572920565	0.930051601
2.573790563	0.932235667
2.574694406	0.933747526
2.575409118	0.934879746
2.576030261	0.935978453
2.576776827	0.937123195
2.577648815	0.939874419
2.57867609	0.942621621
2.579390802	0.943694795
2.580169222	0.945354011
2.58094565	0.946825849
2.581785785	0.949259495
2.582751344	0.951240453
2.583683058	0.953648052
2.584367908	0.95490204
2.585208043	0.956339188
2.586048178	0.958528463
2.58685646	0.9608324
2.587664742	0.961696516
2.588504878	0.964139722
2.589468445	0.966693087
2.59040215	0.968923303
2.591212423	0.971422323
2.591956998	0.973082161
2.592641848	0.973967028
2.593450129	0.976028943
2.594322118	0.977676258
2.59522397	0.97964992
2.596125821	0.982253319
2.597059526	0.984807488
2.597806092	0.986285703
2.598520804	0.987752497
2.599331077	0.989193379
2.600169222	0.991086293
2.600979494	0.993032559
2.601632491	0.994163776
2.602440772	0.996110986
2.603280908	0.99832356
2.60408919	0.999074896
2.604991041	1.002826939
2.605892893	1.004877729
2.606796735	1.007056705
2.607760303	1.009386349
2.608600438	1.01141692
2.609253434	1.011796459
2.609968147	1.012010409
2.610746566	1.013134024
2.611648417	1.015886969
2.612705554	1.018512335
2.61345212	1.020322082
2.614292256	1.021916082
2.615164244	1.023713325
2.616034242	1.024813995
2.616842524	1.018541007
2.61758909	1.014014718
2.618399363	1.013948209
2.619207645	1.014831979
2.62004778	1.015157496
2.620887916	1.01630799
2.621728051	1.017585972
2.622566196	1.019435295
2.6234999	1.022529731
2.624308182	1.023543734
2.625118455	1.024495382
2.625801314	1.026923555
2.626518017	1.028284984
2.627388015	1.030279635
2.628228151	1.032518202
2.629193709	1.035698607
2.630063707	1.038779641
2.630997412	1.040613625
2.63177384	1.042577525
2.632584113	1.044555832
2.633330679	1.045425903
2.634077245	1.046423858
2.63491738	1.048735397
2.635693808	1.050639883
2.636565797	1.052774977
2.637342226	1.054681458
2.638182361	1.056933786
2.63905435	1.059455717
2.640017918	1.062079847
2.640981485	1.06540902
2.641821621	1.067602975
2.642538324	1.068788382
2.643253036	1.069909467
2.644061318	1.072541386
2.644839737	1.07400986
2.645773442	1.077079634
2.64664344	1.079164056
2.647451722	1.081673132
2.648261995	1.084248476
2.649070277	1.085733961
2.649878559	1.088118413
2.650625124	1.090222009
2.651497113	1.092506692
2.652428827	1.095395305
2.653394386	1.098813661
2.654264384	1.101744657
2.65501095	1.103854552
2.655695799	1.10471801
2.656474219	1.106907139
2.657437786	1.110397188
2.658184352	1.111932031
2.658899064	1.112552899
2.659677484	1.115132574
2.660485765	1.117790533
2.661357754	1.119961205
2.662227752	1.122841289
2.663223173	1.125711548
2.664095162	1.129240918
2.66496516	1.131739079
2.665805296	1.134355019
2.666583715	1.13675237
2.667330281	1.137910223
2.668138563	1.140128556
2.669040414	1.143163581
2.669818833	1.145242384
2.670658969	1.148060032
2.671499104	1.150038319
2.672337249	1.152857936
2.673147521	1.15521397
2.674142942	1.158298864
2.674983078	1.162030784
2.67569779	1.162600408
2.676476209	1.164882805
2.677252638	1.167035817
2.67806092	1.169917073
2.678932909	1.172308825
2.679896476	1.175974911
2.680768465	1.17856448
2.681483177	1.18024216
2.682323313	1.183079939
2.683101732	1.184852528
2.683848298	1.186871799
2.684718296	1.1892717
2.685620147	1.192012177
2.68643042	1.194323219
2.687362134	1.197014862
2.688078837	1.199091439
2.688855266	1.200544579
2.689665539	1.201752983
2.690535537	1.204226378
2.691499104	1.206873412
2.692183954	1.208223477
2.69293052	1.209210569
2.693740792	1.211139777
2.694549074	1.2128733
2.69538921	1.215992536
2.696320924	1.218828458
2.697222775	1.221325984
2.698062911	1.22431954
2.698964762	1.227016038
2.699711328	1.2295126
2.700396178	1.230870655
2.701142743	1.232126589
2.702044595	1.234958687
2.703133586	1.240561598
2.703941867	1.243224022
2.704782003	1.245771507
2.705528569	1.247622072
2.706338841	1.250616871
2.707240693	1.253262344
2.708080828	1.256077393
2.708733824	1.257232898
2.709603822	1.259604934
2.710475811	1.262307306
2.71125224	1.264769628
2.711998805	1.266102881
2.71293251	1.268969255
2.713927932	1.273114764
2.714768067	1.27567806
2.715546486	1.277161621
2.716322915	1.279960296
2.717039618	1.28167956
2.717816046	1.28316453
2.718656182	1.286260092
2.719558033	1.289584129
2.720398168	1.292419672
2.721393589	1.29585778
2.722172009	1.298337633
2.722854868	1.30024561
2.72366514	1.301885558
2.724535138	1.304742275
2.725375274	1.307850183
2.726089986	1.308787221
2.726868405	1.3100853
2.727708541	1.312866595
2.728548676	1.315186888
2.729388811	1.31797097
2.730258809	1.320969286
2.731160661	1.322992741
2.732126219	1.325445059
2.732966355	1.325984983
2.733649214	1.32181537
2.734395779	1.31972666
2.735235915	1.319933457
2.736137766	1.323349924
2.737196894	1.327639908
2.737973323	1.329939052
2.738813458	1.332137645
2.739653593	1.334470008
2.740523591	1.336751762
2.741302011	1.339653716
2.742048577	1.341280033
2.742826996	1.343055456
2.743667131	1.344396894
2.744475413	1.345391022
2.745251842	1.347167532
2.746091977	1.347978757
2.746932112	1.3497879
2.747833964	1.352227058
2.748735815	1.353269863
2.749575951	1.354082936
2.7502608	1.354486796
2.750975513	1.353706425
2.751815648	1.352920502
2.752687637	1.353415863
2.753683058	1.355972212
2.754553056	1.358601592
2.755486761	1.360463209
2.75626518	1.36191534
2.757041609	1.36296655
2.757820028	1.365020751
2.75862831	1.367357872
2.759530161	1.371012091
2.760215011	1.371753344
2.761087	1.374526603
2.761863428	1.376852449
2.762703564	1.379144295
2.763543699	1.381972591
2.764477404	1.385987146
2.765409118	1.389266547
2.766187537	1.39072925
2.766872387	1.391877499
2.767587099	1.393108189
2.768395381	1.395324897
2.769205654	1.396940208
2.770107505	1.400614647
2.771009357	1.404291183
2.771849492	1.406998856
2.77271949	1.410058776
2.77349791	1.411461963
2.774276329	1.413403105
2.775052757	1.415411291
2.775924746	1.418141313
2.776826598	1.42209829
2.777760303	1.426410182
2.778598447	1.429397158
2.779376866	1.432220302
2.780185148	1.434723634
2.781025284	1.436840618
2.782020705	1.441329226
2.782737408	1.442509084
2.783513836	1.445135682
2.784260402	1.447006423
2.785038821	1.449636309
2.785878957	1.45256943
2.786748955	1.456396839
2.787620944	1.459282441
2.788461079	1.462422929
2.789362931	1.466205323
2.790171212	1.469062301
2.790917778	1.472090869
2.791602628	1.473263217
2.79241091	1.476597139
2.793438184	1.480657513
2.794276329	1.484281697
2.795116464	1.488111884
2.795926737	1.491115794
2.796673303	1.493951729
2.797449731	1.49605986
2.79841529	1.500573971
2.799347004	1.504869302
2.80009357	1.507575802
2.800840135	1.509198459
2.801618555	1.512263497
2.80236512	1.515312781
2.803173402	1.517853918
2.804107107	1.522365365
2.805102528	1.527388515
2.80591081	1.530546216
2.806844515	1.534045869
2.807622935	1.536374778
2.808337647	1.538329845
2.809145929	1.540813141
2.81004778	1.543825282
2.810887916	1.548098221
2.811759904	1.551846374
2.81250647	1.554369496
2.813282899	1.557046501
2.814061318	1.559521439
2.814963169	1.56349734
2.815926737	1.568737103
2.816611587	1.570482606
2.817419869	1.57250231
2.818230141	1.576844119
2.819100139	1.580607332
2.819972128	1.584851648
2.820903842	1.590088171
2.821743978	1.593226339
2.822615967	1.597545962
2.823517818	1.601816525
2.824296237	1.604036139
2.824949234	1.606253822
2.825663946	1.607618057
2.826535935	1.611193922
2.827593072	1.617547552
2.828277922	1.619993765
2.82905435	1.623383996
2.829864623	1.626863819
2.830702767	1.629744562
2.831574756	1.634634512
2.832476608	1.638584288
2.833161457	1.641312858
2.834095162	1.645627992
2.834997014	1.650133008
2.835805296	1.653693335
2.836581724	1.656893402
2.837485566	1.660169521
2.838449134	1.665612948
2.839257416	1.669387115
2.840003982	1.670926314
2.840812264	1.673671767
2.841467251	1.674401658
2.842213816	1.67752552
2.843051961	1.681255643
2.843955803	1.68592179
2.844825801	1.690363805
2.845727653	1.695171712
2.846535935	1.69875475
2.847314354	1.701976984
2.848154489	1.704410126
2.849024487	1.708104003
2.849896476	1.712974095
2.850643042	1.71611472
2.851451324	1.718879713
2.852261597	1.722959378
2.853099741	1.726781625
2.85397173	1.731248275
2.854841728	1.735370498
2.855681863	1.739615012
2.856647422	1.744145796
2.857455704	1.747960312
2.858076847	1.748755494
2.85879355	1.750509203
2.859569978	1.753061798
2.86047183	1.758462937
2.861530958	1.765280526
2.862277523	1.767958829
2.863085805	1.772132262
2.863925941	1.775148672
2.864795939	1.779711123
2.865636074	1.783424794
2.866414493	1.786616026
2.867190922	1.789946333
2.868062911	1.793824045
2.868932909	1.79909185
2.869743181	1.802448865
2.870489747	1.806253936
2.871298029	1.809265373
2.872231734	1.813678726
2.873133586	1.818770084
2.873973721	1.822155009
2.874688433	1.824974722
2.875434999	1.827258875
2.876306988	1.831573789
2.877176986	1.836098708
2.878110691	1.842199906
2.878950826	1.846292774
2.87988254	1.851283331
2.88066096	1.85464346
2.881439379	1.857098145
2.882185945	1.858556322
2.882994227	1.862358425
2.883927932	1.867151307
2.884674497	1.870079298
2.885544495	1.874066828
2.886322915	1.877088309
2.887131196	1.881109282
2.887971332	1.886062052
2.888966753	1.890769282
2.889900458	1.896908269
2.890647024	1.898518172
2.89130002	1.899297083
2.89198487	1.901987725
2.892793152	1.904830745
2.893601433	1.908445749
2.894503285	1.91359607
2.895468843	1.919562638
2.896277125	1.923745136
2.897117261	1.928231459
2.897957396	1.930895681
2.898733824	1.93323788
2.89948039	1.93605256
2.900320526	1.939914145
2.901160661	1.944901579
2.901968943	1.948535127
2.902809078	1.952824393
2.903649214	1.956553365
2.904457496	1.961387883
2.905329484	1.965986516
2.906324905	1.971374961
2.907101334	1.975561889
2.907879753	1.978766406
2.908626319	1.981246383
2.909466454	1.985200113
2.910274736	1.989768226
2.911146725	1.993959287
2.912048577	2.000570321
2.912918575	2.004835605
2.91385228	2.009993646
2.914660561	2.014220995
2.915407127	2.016572286
2.916091977	2.019023004
2.916900259	2.022478349
2.91789568	2.028891289
2.918642246	2.033438547
2.919514235	2.038994397
2.920384233	2.04462252
2.921192514	2.048937161
2.922002787	2.052830772
2.923028071	2.059566994
2.923868206	2.065397846
2.924553056	2.067227055
2.925299622	2.070800478
2.926107904	2.075269409
2.926886323	2.079506668
2.927726458	2.08499493
2.928690026	2.092134185
2.929591877	2.099091594
2.930338443	2.103387001
2.931210432	2.107561593
2.93198686	2.112095426
2.932703564	2.114813015
2.933450129	2.117198098
2.934351981	2.124030326
2.935192116	2.12982657
2.936093968	2.135812859
2.93690225	2.140098625
2.937680669	2.144008976
2.938488951	2.149152476
2.939422656	2.155529166
2.940511646	2.163946016
2.941132789	2.166966819
2.941879355	2.169368904
2.942625921	2.17369568
2.943434203	2.177713692
2.944274338	2.183111696
2.945208043	2.189651646
2.946109894	2.197098904
2.947011746	2.202766407
2.947945451	2.209317375
2.948753733	2.214778227
2.949438583	2.21700657
2.950185148	2.220710796
2.951025284	2.224630053
2.951958989	2.231981195
2.952673701	2.235953269
2.953481983	2.24099915
2.954322118	2.246143209
2.95522397	2.251694622
2.956125821	2.25896685
2.956965957	2.263618297
2.957618953	2.26648141
2.958490942	2.270588072
2.959331077	2.27646364
2.960107505	2.280787919
2.960885925	2.284327076
2.96172606	2.290497103
2.962659765	2.297316682
2.963561617	2.304258853
2.964308182	2.307279681
2.965022895	2.310564088
2.965675891	2.311647416
2.966484173	2.317592695
2.967324308	2.32263179
2.96822616	2.329805991
2.969159865	2.337512442
2.970248855	2.34872608
2.971088991	2.355433311
2.97186741	2.358497003
2.972737408	2.363074312
2.973515827	2.368372957
2.974292256	2.372736246
2.974945252	2.375130019
2.975785387	2.379691622
2.976563806	2.385575351
2.977342226	2.390452563
2.97818037	2.395812703
2.979114075	2.40341651
2.980079634	2.412060581
2.981104917	2.419819885
2.981945053	2.425267175
2.982598049	2.427603715
2.983344615	2.431173035
2.984152897	2.437828924
2.985118455	2.445990161
2.986113876	2.454036103
2.986860442	2.458699623
2.987668724	2.463416055
2.988447143	2.467603498
2.989255425	2.472251757
2.99009556	2.477145753
2.990871989	2.481989241
2.991618555	2.485868415
2.992490543	2.492606954
2.993330679	2.498597623
2.994138961	2.503912141
2.99491738	2.508696532
2.995757515	2.514985583
2.996752936	2.523367557
2.997654788	2.530877114
2.99846307	2.535843053
2.999116066	2.537920276
2.999830778	2.540413595
3.000670914	2.547010159
3.001542903	2.55443656
3.002538324	2.563498882
3.003408322	2.570350294
3.00437388	2.577869181
3.005150309	2.582755695
3.005928728	2.586554362
3.00673701	2.590744388
3.007515429	2.597022343
3.008291857	2.601043437
3.008976707	2.604185555
3.009848696	2.610478942
3.010656978	2.615772502
3.01146526	2.620703944
3.012273542	2.626367021
3.013207247	2.632653034
3.014234521	2.641505812
3.015074657	2.648009393
3.015789369	2.650243568
3.016504081	2.653428009
3.017344217	2.65891587
3.018154489	2.664453092
3.019024487	2.671873221
3.019896476	2.679006467
3.020704758	2.684185083
3.021574756	2.690664765
3.022414891	2.696096538
3.023223173	2.701356048
3.024001593	2.706444815
3.024809875	2.711855574
3.02565001	2.71832309
3.026490145	2.724500656
3.027330281	2.731634146
3.028138563	2.73786252
3.028946845	2.742773707
3.02978698	2.748669699
3.030814254	2.758628054
3.031622536	2.763474422
3.032369102	2.769147716
3.033115668	2.772620238
3.033862234	2.777563315
3.034734223	2.784313539
3.035574358	2.791993403
3.036476209	2.799954564
3.037316345	2.807348107
3.038218196	2.814655361
3.039026478	2.819598465
3.039741191	2.822764023
3.04051961	2.826652552
3.041327892	2.833589732
3.042261597	2.841825911
3.043040016	2.847342334
3.043910014	2.854863302
3.044782003	2.861579018
3.045558431	2.867691919
3.046366713	2.873173758
3.047300418	2.880694986
3.04820227	2.888485327
3.048948835	2.892810172
3.049727255	2.897093205
3.050505674	2.903593912
3.051343818	2.90956346
3.052215807	2.917341864
3.053179375	2.926986223
3.05401951	2.934742671
3.054736213	2.937650319
3.055606211	2.944627778
3.056414493	2.949995025
3.057161059	2.95463883
3.057939478	2.959463461
3.058809476	2.967341445
3.059619749	2.974869023
3.060489747	2.981865543
3.061298029	2.987841701
3.062138164	2.994741467
3.062948437	3.001170325
3.063818435	3.00825427
3.064813856	3.01746879
3.065498706	3.02289347
3.066245272	3.027490307
3.067053554	3.032744141
3.067861836	3.04008023
3.068763687	3.049444594
3.069667529	3.058890246
3.070537527	3.066745822
3.071439379	3.074637246
3.07234123	3.08305351
3.073087796	3.087820759
3.073740792	3.090337504
3.074487358	3.094661355
3.075359347	3.102762065
3.076386622	3.114003456
3.07716305	3.12179309
3.078035039	3.128863608
3.078811467	3.136734869
3.079683456	3.142992203
3.080553454	3.150816925
3.081393589	3.157421194
3.082046586	3.16152309
3.082948437	3.168643953
3.083820426	3.177903083
3.084566992	3.183975192
3.085345411	3.189335746
3.086183556	3.196703301
3.087117261	3.206042286
3.088050966	3.215834963
3.088797531	3.220052729
3.089575951	3.225577139
3.090290663	3.22931633
3.091098945	3.236672491
3.092000796	3.245253233
3.092840932	3.254147938
3.093712921	3.261882061
3.094614772	3.271000321
3.0953912	3.275793298
3.096137766	3.279731989
3.096948039	3.284789561
3.097849891	3.292196841
3.098719889	3.299273842
3.099466454	3.305247012
3.100276727	3.310690181
3.101085009	3.316959571
3.101925144	3.325368905
3.10276528	3.333181287
3.103635278	3.341705897
3.104568983	3.35158142
3.105564404	3.361153106
3.106372686	3.36872203
3.107025682	3.372063248
3.107710532	3.375214428
3.108518813	3.381436228
3.109390802	3.390214717
3.110447939	3.403492805
3.111194505	3.409733581
3.112002787	3.417401027
3.112842923	3.424428701
3.113651204	3.431349175
3.114461477	3.438350389
3.115237906	3.444185908
3.116016325	3.451384184
3.11695003	3.460569243
3.117820028	3.470669684
3.118566594	3.477390527
3.119313159	3.482377042
3.120185148	3.492869733
3.121272148	3.505800785
3.122144137	3.516154191
3.122890703	3.51979272
3.123543699	3.522419473
3.124258411	3.527083497
3.1251304	3.537375205
3.126000398	3.546685875
3.126995819	3.559323813
3.127806092	3.567516556
3.128646227	3.574459376
3.129392793	3.580464834
3.130230938	3.58657768
3.131102927	3.595082343
3.131881346	3.60264937
3.132783197	3.612410029
3.13349791	3.618317562
3.134369898	3.627444989
3.135146327	3.635175597
3.135986462	3.6427558
3.136794744	3.651517698
3.137696596	3.660924597
3.138630301	3.671437493
3.13940872	3.676452851
3.140155286	3.6814329
3.140901851	3.687175411
3.141710133	3.694970613
3.142550269	3.703643869
3.14345212	3.71384026
3.144353972	3.725031641
3.145162254	3.730558434
3.146034242	3.740809917
3.146842524	3.74740942
3.147620944	3.753214068
3.148367509	3.757839622
3.149175791	3.764370714
3.150015927	3.773002127
3.150917778	3.782016855
3.15181963	3.792715059
3.152691619	3.801550668
3.153468047	3.80760269
3.15427832	3.815378396
3.155303603	3.827085313
3.156020307	3.831699037
3.156796735	3.837533581
3.157543301	3.841728652
3.158260004	3.845812442
3.159068286	3.853757346
3.159876568	3.860481646
3.160840135	3.871684764
3.161712124	3.881250436
3.162645829	3.89005437
3.163454111	3.897023119
3.164200677	3.900394486
3.164915389	3.904034249
3.165725662	3.910322734
3.166721083	3.921673523
3.167529365	3.931264411
3.168399363	3.94016928
3.169271352	3.949311141
3.17004778	3.955267848
3.170826199	3.961613363
3.171759904	3.97107412
3.17260004	3.980345546
3.173314752	3.984161982
3.174093171	3.990595977
3.174901453	3.997685237
3.175741589	4.00604807
3.176611587	4.015683156
3.177513438	4.025594083
3.178447143	4.037397472
3.179225562	4.042543109
3.180127414	4.051389925
3.180842126	4.056844507
3.181558829	4.060994074
3.182335258	4.066454259
3.183207247	4.075815555
3.184077245	4.086181066
3.18501095	4.0963251
3.185819232	4.105309915
3.186659367	4.113491142
3.187405933	4.120397466
3.188246068	4.128045284
3.189241489	4.139836228
3.189926339	4.145900147
3.190702767	4.150154042
3.191481187	4.15734858
3.192289468	4.164353206
3.193129604	4.173489976
3.194031455	4.18495458
3.194933307	4.196424992
3.195837149	4.204963354
3.196768863	4.21694837
3.197547283	4.223239931
3.198200279	4.225960911
3.198914991	4.230855534
3.19978698	4.239988917
3.200814254	4.254990416
3.20156082	4.261641794
3.202369102	4.268998385
3.203145531	4.276005388
3.203985666	4.285815693
3.204951224	4.296341879
3.205882938	4.307914902
3.206567788	4.312639573
3.207439777	4.321112571
3.208248059	4.328416025
3.208994625	4.333075139
3.209741191	4.337658234
3.210611189	4.347773912
3.211544893	4.358214167
3.212385029	4.368843639
3.213163448	4.373325514
3.214003584	4.380461204
3.214686442	4.384038365
3.215464862	4.390472021
3.21633486	4.400927343
3.217300418	4.413544128
3.218170416	4.423620691
3.219104121	4.435192801
3.21988254	4.444529391
3.220629106	4.449069065
3.221405535	4.454977654
3.222277523	4.463751614
3.223117659	4.471627012
3.223864225	4.478985601
3.224672506	4.485339874
3.225512642	4.494318414
3.226320924	4.502865965
3.227192913	4.511818857
3.228124627	4.523907921
3.228964762	4.53298179
3.229930321	4.543018216
3.230768465	4.55256737
3.231391599	4.554227864
3.232076448	4.556679983
3.23288473	4.565099385
3.233786582	4.575533963
3.234843719	4.591363292
3.235560422	4.597394485
3.23633685	4.605393536
3.237176986	4.61042979
3.238048975	4.619904015
3.238950826	4.628013708
3.239727255	4.634065074
3.240537527	4.640951905
3.241407525	4.649339961
3.242247661	4.658866524
3.24302608	4.664774995
3.243802508	4.669347679
3.244674497	4.676573708
3.245669918	4.688774923
3.24657177	4.700139775
3.247350189	4.704018703
3.247971332	4.704053395
3.248656182	4.707247745
3.24952618	4.716455141
3.250398168	4.724961367
3.251361736	4.737855981
3.252201871	4.746718562
3.25307386	4.757443295
3.253912005	4.765759885
3.254722278	4.771359813
3.255498706	4.777148755
3.256277125	4.783021683
3.257147123	4.790529969
3.257863826	4.796474818
3.258733824	4.804857052
3.259544097	4.811971032
3.260382242	4.820629085
3.261192514	4.830197242
3.262094366	4.839905433
3.263089787	4.854023829
3.263929922	4.86112178
3.264612781	4.864035905
3.265329484	4.867870969
3.26616962	4.875766479
3.267039618	4.885608567
3.267941469	4.895661178
3.268843321	4.909201137
3.269653593	4.913901426
3.270461875	4.921451213
3.271270157	4.926627906
3.272110293	4.933914491
3.272888712	4.939526061
3.27366514	4.947276902
3.274505276	4.955840842
3.275345411	4.963932687
3.276153693	4.973248901
3.276963966	4.979795047
3.277772248	4.987451903
3.278642246	4.997031835
3.279637667	5.009666388
3.280416086	5.017050888
3.281194505	5.021816549
3.281941071	5.026535121
3.282687637	5.032606548
3.283525781	5.03993381
3.284365917	5.048619134
3.285331475	5.061558267
3.286171611	5.071048162
3.287073462	5.081990671
3.287881744	5.089211047
3.288660163	5.095591796
3.289406729	5.100890183
3.290244874	5.108244583
3.291210432	5.12105968
3.29198686	5.128963354
3.292826996	5.138324973
3.293637269	5.145251557
3.294383834	5.151921761
3.295160263	5.15824228
3.296155684	5.171133541
3.297121242	5.184623362
3.297897671	5.188000282
3.298705953	5.194862837
3.299484372	5.201041927
3.300262791	5.206424259
3.301071073	5.212495132
3.302004778	5.223004023
3.302874776	5.234296779
3.303621342	5.23699974
3.304461477	5.244092352
3.305239896	5.250129484
3.305892893	5.251807087
3.306639458	5.25531495
3.307509457	5.265827344
3.308381445	5.276027291
3.309345013	5.288221149
3.310185148	5.295093991
3.311087	5.302629667
3.311927135	5.310149904
3.312767271	5.316951363
3.313730838	5.326842381
3.314383834	5.329336602
3.315162254	5.332193661
3.315940673	5.339627953
3.316748955	5.346310204
3.317618953	5.355102902
3.318552658	5.365368441
3.319454509	5.376792937
3.320356361	5.385810968
3.321196496	5.394974105
3.322006769	5.401196913
3.322689628	5.403513951
3.323436194	5.407866405
3.324308182	5.415805127
3.325397173	5.434327022
3.326080032	5.439550208
3.326920167	5.446321368
3.327666733	5.451733329
3.328477006	5.458138141
3.32931515	5.46644527
3.330187139	5.475779139
3.330871989	5.477711734
3.331712124	5.484417646
3.332613976	5.495827425
3.333360542	5.502224088
3.334107107	5.507735046
3.334977105	5.517247233
3.33591081	5.529373134
3.336812662	5.541209675
3.337591081	5.545169182
3.338399363	5.553302049
3.339114075	5.557159004
3.339954211	5.565754689
3.340826199	5.575782303
3.341821621	5.591603905
3.342753335	5.60182327
3.34359347	5.611408005
3.344310173	5.61601181
3.345086602	5.620474444
3.345926737	5.629339451
3.346798726	5.637937718
3.347607008	5.644649017
3.348291857	5.648884546
3.349100139	5.655194807
3.349878559	5.661538097
3.350654987	5.668286004
3.351526976	5.675522848
3.352428827	5.686628425
3.353330679	5.697495571
3.354264384	5.707122476
3.355134382	5.715670453
3.355757515	5.715106934
3.356440374	5.716351163
3.35728051	5.723309723
3.358214215	5.734821601
3.359303205	5.75229837
3.360017918	5.755149334
3.360858053	5.760413051
3.361666335	5.766193821
3.362538324	5.774284334
3.363378459	5.783137882
3.364154888	5.788056994
3.364995023	5.794879928
3.365896874	5.803849395
3.36673701	5.811656535
3.367515429	5.816587909
3.368323711	5.823693048
3.369225562	5.832186554
3.370191121	5.843405467
3.370937687	5.848454455
3.371714115	5.849719891
3.372398965	5.851724625
3.373113677	5.85222972
3.37392395	5.857311702
3.374793948	5.865032339
3.375759506	5.877581467
3.376597651	5.884191514
3.377531356	5.893914886
3.378339638	5.898024767
3.37914991	5.902712155
3.379958192	5.90862522
3.38082819	5.915876311
3.381700179	5.92256067
3.382414891	5.923976183
3.383255027	5.931345768
3.384001593	5.935768217
3.384809875	5.941119918
3.385620147	5.946886876
3.386521999	5.954784844
3.387485566	5.964271197
3.388325702	5.970016578
3.389040414	5.972424683
3.389757117	5.973031101
3.390533546	5.977847232
3.391343818	5.983874255
3.392213816	5.990255347
3.393147521	5.999791381
3.393955803	6.001384948
3.394827792	6.00695461
3.395667928	6.01246994
3.396444356	6.014913806
3.397252638	6.020458125
3.398092773	6.025731776
3.398903046	6.031036608
3.399773044	6.038095709
3.400674895	6.047025754
3.401483177	6.052581047
3.40229345	6.056411861
3.403163448	6.061833391
3.404190723	6.071823375
3.404905435	6.071943954
3.405652001	6.073852528
3.406368704	6.073646126
3.40711527	6.077617168
3.407923552	6.083019765
3.408825403	6.089499288
3.409820824	6.100029099
3.41066096	6.103018553
3.411562811	6.108927751
3.412371093	6.111366592
3.413117659	6.112538366
3.413802508	6.111781053
3.414580928	6.114828218
3.415512642	6.123939737
3.416322915	6.126219735
3.417224766	6.131312097
3.418064901	6.134474737
3.418873183	6.134932
3.419649612	6.133261639
3.42061517	6.137643758
3.421485168	6.138542046
3.422170018	6.134716209
3.422916584	6.135971653
