1.039474982	2.42755E-05
1.040178437	1.45751E-05
1.040982692	6.80699E-05
1.041988547	5.8402E-05
1.042893602	6.81948E-05
1.043697857	6.33726E-05
1.044536427	4.39086E-05
1.045473653	7.32466E-05
1.046511678	5.37675E-05
1.047315933	0.000112509
1.048255303	0.000127299
1.049025243	6.85958E-05
1.049829498	9.80691E-05
1.050702383	0.000142318
1.051706093	0.000147367
1.052611148	0.000142577
1.053683488	0.000142722
1.054622858	0.000123146
1.055392798	0.00017253
1.056231368	0.000222001
1.057202908	0.000192578
1.058107963	0.000217453
1.058944388	0.000252247
1.059716473	0.000306877
1.060653699	0.000242747
1.061593068	0.000257837
1.062530294	0.000263027
1.063469663	0.000293063
1.064441204	0.000278415
1.065378429	0.000328421
1.066384284	0.000313789
1.067087739	0.000323964
1.067791194	0.000374051
1.068595449	0.000309448
1.069566989	0.000369678
1.070740129	0.000415093
1.071645184	0.000400428
1.072483754	0.000375695
1.073288009	0.000375977
1.074158749	0.000386316
1.075098119	0.000426826
1.075902374	0.000447246
1.076738799	0.000437535
1.077643854	0.00046307
1.078615395	0.000463487
1.079453964	0.00049914
1.080258219	0.000494467
1.081163274	0.000454482
1.082166985	0.00049534
1.083307955	0.000511042
1.08414438	0.000506373
1.084916465	0.000547272
1.08565209	0.000502006
1.086456345	0.000573422
1.0873614	0.000538348
1.08840157	0.000543947
1.089338795	0.000518975
1.090310335	0.000565271
1.091249705	0.000555564
1.09208613	0.000581494
1.092959015	0.000643217
1.093829755	0.000633512
1.09473481	0.000680055
1.095571236	0.000583349
1.096375491	0.000675953
1.09731486	0.000717534
1.098219915	0.00068222
1.099124971	0.000682782
1.100062196	0.00069364
1.101134536	0.00068403
1.102005276	0.000689718
1.102777361	0.000721106
1.103547301	0.000767999
1.104418041	0.000732496
1.105290926	0.000795025
1.106228151	0.0008112
1.107300491	0.000786126
1.108104746	0.000755644
1.109044116	0.000777004
1.109981341	0.000782845
1.110819911	0.000783437
1.111589851	0.000809939
1.112428421	0.000846921
1.113365647	0.000821634
1.114305016	0.000832736
1.115310871	0.000823069
1.116213782	0.000875871
1.117118837	0.000892234
1.117991722	0.000898153
1.119029747	0.000857174
1.119934802	0.000915407
1.120672572	0.000968353
1.121508997	0.000974314
1.122347567	0.00094359
1.123183992	0.000918063
1.124089047	0.001034309
1.125060587	0.001014184
1.125965642	0.000999222
1.126905012	0.000994792
1.127876552	0.001058866
1.128715122	0.001049109
1.129418577	0.001065589
1.130222832	0.001061069
1.131160057	0.001072515
1.132165912	0.001110485
1.133137453	0.001106145
1.134042508	0.00113881
1.134881077	0.001097246
1.135685333	0.001119242
1.136656873	0.001194525
1.137761383	0.001115973
1.138533468	0.001143319
1.139404208	0.001186769
1.140309263	0.001166407
1.141145688	0.001183252
1.141984258	0.00116812
1.142955798	0.001142422
1.143995968	0.001212924
1.144800223	0.001245859
1.145737448	0.001246879
1.146676818	0.001258613
1.147380273	0.001264744
1.148216698	0.001372926
1.149188239	0.00132578
1.150194094	0.001235613
1.151133463	0.001328024
1.152004204	0.001296745
1.152741974	0.001276039
1.153578399	0.001309293
1.154483454	0.001337281
1.155523624	0.001343883
1.156460849	0.001307163
1.157132134	0.001367372
1.158035044	0.00141171
1.158907929	0.001472316
1.159845154	0.001446421
1.160816694	0.00144221
1.161756064	0.001475935
1.162560319	0.001466097
1.163598344	0.00150545
1.164537714	0.001446833
1.165307654	0.001496775
1.166111909	0.001584954
1.16698265	0.001575236
1.168089304	0.001582185
1.168994359	0.001528811
1.169830785	0.001611864
1.170669355	0.001613019
1.171540095	0.001603275
1.172479465	0.001610037
1.17348532	0.001638823
1.174220945	0.001623397
1.17499303	0.001651905
1.175930255	0.001642238
1.176869625	0.001687524
1.17767388	0.001716181
1.178510305	0.001755931
1.179550475	0.001751971
1.180654985	0.001792213
1.18145924	0.001815507
1.18243078	0.001833569
1.183202865	0.00181266
1.184039291	0.001830532
1.18487786	0.0018595
1.185849401	0.001872102
1.18668797	0.001834627
1.187693825	0.001919393
1.188631051	0.00183208
1.189435306	0.001927763
1.190273876	0.001906884
1.191245416	0.001914005
1.192182641	0.001915511
1.192986896	0.001900087
1.193724666	0.001968168
1.194629721	0.002014299
1.195500461	0.002004599
1.196439831	0.002039704
1.197411371	0.002046953
1.198417226	0.002015087
1.199388766	0.002106353
1.200392476	0.002096902
1.201164561	0.002064589
1.201902331	0.002077085
1.202706586	0.002095327
1.203678126	0.00209702
1.204782637	0.002160843
1.205586892	0.002100345
1.206491947	0.002068111
1.207362687	0.00217111
1.208235572	0.002144463
1.209106312	0.002191188
1.209944882	0.002102286
1.210781307	0.002188568
1.211619877	0.002229697
1.212625732	0.002197566
1.213496472	0.00218214
1.214367212	0.002240425
1.215205782	0.002270352
1.216177322	0.00231193
1.217281832	0.002314029
1.218120402	0.002275797
1.218991142	0.002311585
1.219728912	0.00235856
1.220633967	0.002371713
1.221472537	0.002356227
1.222409763	0.002392292
1.223349132	0.002348419
1.224320673	0.002413187
1.225324383	0.002380826
1.226162953	0.002428272
1.226967208	0.002475712
1.227805778	0.002483138
1.228710833	0.002484969
1.229581573	0.002440785
1.230452313	0.002551709
1.231357368	0.002593845
1.232195938	0.002584101
1.233098848	0.002545678
1.234038218	0.002576437
1.235144873	0.00256144
1.236082098	0.002644211
1.236920668	0.002617118
1.237656294	0.002641798
1.238494863	0.002689865
1.239365604	0.002714911
1.240270659	0.002745858
1.241276514	0.002800264
1.242115084	0.002790553
1.243118794	0.002833452
1.244023849	0.002847135
1.244862419	0.002837426
1.245733159	0.002845229
1.246537414	0.002887821
1.247476784	0.002796772
1.248379694	0.002886259
1.249353379	0.002853497
1.250224119	0.002925559
1.251094859	0.002933441
1.252034229	0.002865468
1.253072254	0.002955635
1.253942994	0.002986973
1.254715079	0.003000533
1.255551504	0.002961483
1.25635576	0.00296338
1.257194329	0.00300059
1.258131555	0.003073343
1.25913741	0.003034633
1.26000815	0.003048502
1.260881035	0.003044724
1.26181826	0.003105924
1.262689	0.00314935
1.263493255	0.003121849
1.26429751	0.003100216
1.26526905	0.003155785
1.26620842	0.003110816
1.267113475	0.003166304
1.26801853	0.003221869
1.26888927	0.003206301
1.269693525	0.003214264
1.27069938	0.003270226
1.27177172	0.003267046
1.272608145	0.003275138
1.273446715	0.003312984
1.274317456	0.003315249
1.275188196	0.003305602
1.27606108	0.003373426
1.277032621	0.003465465
1.278104961	0.003474344
1.278941386	0.003410909
1.279846441	0.003431256
1.280685011	0.003517248
1.281454951	0.003549289
1.282227036	0.003533461
1.283132091	0.003511982
1.284069316	0.003562528
1.284974371	0.00367307
1.285879426	0.003681663
1.286750166	0.003678146
1.287620906	0.00371672
1.288592446	0.003719524
1.289632616	0.003746621
1.290537671	0.003695
1.291206812	0.003787379
1.292146181	0.003826346
1.293016922	0.003841003
1.293921977	0.003873909
1.294893517	0.003846578
1.295865057	0.003837358
1.296735797	0.003936844
1.297775967	0.003897571
1.298646707	0.003972973
1.299384477	0.003969161
1.300120102	0.003983553
1.300958672	0.004010428
1.301996697	0.004086603
1.303002552	0.004010643
1.303873292	0.004098583
1.304778347	0.0041319
1.305651232	0.004146861
1.306554142	0.004198549
1.307493512	0.004146605
1.308297767	0.004216373
1.309136337	0.004323024
1.310073563	0.004277167
1.310944303	0.004298379
1.311716388	0.004331544
1.312552813	0.004346567
1.313457868	0.004355699
1.314564523	0.004365509
1.315435263	0.004417552
1.316374633	0.004439152
1.317144573	0.004429445
1.317983143	0.004463044
1.318853883	0.004459833
1.319859738	0.004518716
1.320696163	0.004614109
1.321768503	0.004593161
1.322707873	0.004571713
1.323544298	0.004636423
1.324417183	0.004645667
1.325354408	0.004667526
1.326259463	0.004701686
1.327098033	0.004667468
1.327867973	0.004788015
1.328773029	0.004710597
1.329609454	0.004769454
1.330482339	0.004797442
1.331453879	0.004869353
1.332459734	0.004910372
1.333362644	0.004932383
1.334434984	0.004911419
1.335172754	0.004951551
1.335910524	0.004997965
1.336680464	0.005082008
1.337585519	0.005066706
1.338591374	0.005076769
1.339496429	0.005073945
1.340433654	0.005183928
1.341338709	0.005218754
1.342278079	0.005172253
1.343215304	0.00520096
1.344019559	0.005291959
1.344858129	0.005383201
1.345763184	0.005405681
1.346734725	0.005415874
1.347605465	0.005394198
1.348444035	0.005435344
1.34934909	0.005470504
1.35032063	0.005518592
1.35142514	0.005497858
1.352197225	0.005652576
1.35293285	0.005541906
1.353704935	0.00563991
1.354575675	0.005694153
1.35548073	0.005729613
1.35645227	0.005740055
1.357458125	0.00572529
1.35846398	0.005723188
1.35933472	0.005822092
1.360171145	0.005838381
1.361009715	0.005835623
1.361880456	0.005877522
1.362819825	0.005957961
1.363690566	0.005955398
1.364595621	0.006061329
1.365500676	0.006033459
1.366371416	0.006094744
1.367242156	0.00614333
1.368147211	0.006185738
1.369187381	0.006203231
1.370124606	0.006124284
1.370862376	0.00621082
1.371600146	0.006297445
1.372503056	0.006282359
1.373408111	0.006280087
1.374280996	0.00632901
1.375353336	0.006327525
1.376224076	0.006415094
1.377195616	0.006393893
1.378132841	0.006449739
1.379037896	0.006531268
1.379809981	0.006547814
1.380646407	0.006532437
1.381519291	0.006588189
1.382390032	0.006637538
1.383327257	0.006654961
1.384232312	0.006652849
1.385070882	0.006663349
1.385907307	0.006796836
1.386913162	0.006840637
1.387953332	0.006806871
1.388757587	0.006901626
1.389628327	0.006912444
1.390464752	0.006929593
1.391269007	0.007037573
1.392208377	0.007003309
1.393214232	0.007021383
1.394151457	0.007052153
1.395056512	0.007141438
1.395927252	0.007224135
1.396731507	0.007143489
1.397503592	0.007238821
1.398374332	0.007249862
1.399446673	0.007360004
1.400351728	0.007390927
1.401256783	0.007428428
1.402127523	0.007446142
1.403032578	0.007509927
1.403869003	0.007514404
1.404808373	0.007571924
1.405846398	0.00761035
1.406549853	0.007660145
1.407388423	0.007743594
1.408259163	0.007715497
1.409132048	0.007733443
1.410002788	0.007797493
1.410974328	0.007875359
1.412080983	0.007901322
1.412885238	0.007965215
1.413755978	0.00798333
1.414661033	0.008041301
1.415430973	0.008019233
1.416269543	0.008023984
1.417174598	0.008015873
1.418146139	0.008054487
1.419117679	0.008179314
1.420054904	0.008231145
1.420893474	0.008216096
1.421764214	0.008300819
1.422602784	0.008312359
1.423608639	0.008371431
1.424545864	0.00841021
1.425283634	0.008454508
1.426255174	0.008513564
1.427125914	0.008565422
1.428030969	0.008557514
1.428970339	0.008603189
1.429907564	0.008648904
1.430746134	0.008747532
1.431717674	0.008706662
1.4325541	0.008745204
1.433358355	0.008736724
1.434130439	0.008815113
1.435067665	0.008887902
1.436240805	0.008901876
1.43714586	0.008914198
1.437950115	0.0089662
1.43875437	0.009024975
1.439558625	0.009050191
1.440429365	0.009109488
1.44133442	0.009182532
1.44220516	0.009161135
1.44304373	0.009294523
1.44401527	0.009273802
1.444920325	0.009299861
1.445758895	0.009440313
1.44659532	0.009513341
1.44756686	0.009546774
1.448673515	0.009533774
1.44947777	0.009593227
1.45041714	0.009640092
1.45118708	0.009692655
1.451991335	0.009718373
1.452829905	0.009751128
1.453767131	0.00979816
1.454672186	0.009892586
1.455811011	0.009934329
1.456883351	0.009955256
1.457687606	0.009994794
1.458526176	0.01007548
1.459396916	0.010095128
1.460235486	0.010203233
1.461140541	0.010154961
1.461910481	0.010303703
1.462815536	0.010351077
1.463651961	0.010350159
1.464557016	0.010397602
1.465462071	0.010486165
1.466467926	0.01052076
1.467338666	0.010602396
1.468378836	0.01061677
1.469148776	0.010697819
1.469953032	0.010799795
1.470791601	0.010771608
1.471728827	0.010799094
1.472867652	0.010890002
1.473706222	0.010903086
1.474544792	0.010929951
1.475381217	0.010963716
1.476251957	0.010997767
1.477157012	0.011052805
1.477929097	0.011141418
1.478834152	0.011079169
1.479771377	0.011307361
1.480809402	0.011232296
1.481682287	0.01128044
1.482486542	0.011397351
1.483391597	0.011404309
1.484328822	0.011508575
1.485435477	0.011496341
1.486205417	0.011648074
1.486975358	0.011667999
1.487713128	0.011680737
1.488618183	0.011653078
1.489557552	0.011709133
1.490595578	0.011759066
1.491567118	0.011801563
1.492572973	0.01190015
1.493443713	0.011948945
1.494213653	0.012059791
1.495017908	0.012080247
1.495856478	0.012149904
1.496795848	0.012192489
1.497698758	0.012185854
1.498638128	0.012326491
1.499508868	0.012277623
1.500379608	0.012403886
1.501284663	0.012404356
1.502189718	0.012503046
1.503161258	0.012511132
1.504034143	0.012609721
1.504804083	0.012637262
1.505608339	0.012770597
1.506513394	0.01278531
1.507418449	0.012821154
1.508355674	0.012920711
1.509428014	0.012943997
1.510266584	0.013042891
1.511272439	0.012995108
1.512175349	0.013066438
1.513048234	0.013201187
1.513783859	0.013214676
1.514622429	0.013321037
1.515561799	0.013428401
1.516499024	0.013394207
1.517438394	0.013466291
1.518274819	0.013558811
1.519113389	0.013573395
1.519984129	0.013574076
1.520923499	0.013745852
1.521961524	0.013726799
1.522699294	0.013897031
1.523570035	0.013926327
1.524408604	0.013926872
1.52524503	0.014041373
1.5261844	0.013992994
1.52718811	0.014116325
1.528161795	0.014118188
1.529165505	0.014163172
1.53007056	0.014300192
1.530842645	0.014314559
1.5315461	0.01437121
1.532382525	0.014507891
1.533422695	0.014524901
1.534394235	0.01451977
1.53529929	0.01465024
1.53617003	0.014694424
1.537075085	0.014738978
1.537945825	0.014747327
1.53885088	0.014827881
1.53992322	0.014845406
1.540626676	0.014924146
1.541531731	0.014997714
1.542468956	0.015064468
1.543307526	0.015029408
1.544178266	0.015160498
1.545117636	0.015176938
1.546222146	0.015325004
1.547060716	0.015340541
1.547899286	0.015413925
1.548804341	0.015473575
1.549539966	0.015524349
1.550312051	0.015590013
1.551249276	0.015693629
1.552188646	0.015717632
1.553093701	0.015886386
1.554065241	0.015896324
1.555002466	0.01597854
1.555841036	0.015914488
1.556645291	0.016075398
1.557582517	0.016121452
1.558521886	0.016153013
1.559225342	0.016233131
1.560231197	0.016258177
1.561136252	0.016435316
1.562039162	0.016408342
1.563045017	0.016499214
1.564085187	0.016605164
1.564921612	0.016650591
1.565826667	0.016755296
1.566630922	0.016815123
1.567368692	0.016852325
1.568138632	0.016985117
1.568977202	0.016964887
1.570049542	0.017079147
1.571087567	0.017017058
1.571926137	0.017143613
1.572831192	0.0172196
1.573736247	0.017310364
1.574639158	0.017305586
1.575512042	0.017337255
1.576281983	0.017441439
1.577120552	0.01752438
1.578124263	0.017557646
1.578997148	0.017567357
1.579801403	0.017642714
1.580672143	0.017696736
1.581677998	0.017855748
1.582716023	0.01781572
1.583485963	0.017950119
1.584425333	0.017953367
1.585229588	0.018014309
1.586134643	0.018157945
1.587039698	0.018212782
1.588043408	0.018291056
1.588881978	0.018315557
1.589887833	0.018371707
1.590825058	0.018427119
1.591629313	0.018518209
1.592433569	0.018542442
1.593306453	0.018619583
1.594177193	0.018704218
1.595114419	0.018730115
1.595952989	0.018844321
1.596858044	0.01879534
1.597728784	0.018992152
1.598599524	0.019069702
1.599538894	0.019065966
1.600576919	0.019160573
1.601516289	0.019194259
1.602519999	0.019296107
1.603292084	0.019395266
1.604029854	0.019434159
1.604866279	0.019579219
1.605771334	0.01954526
1.606843674	0.019610848
1.607682244	0.019748736
1.608552984	0.01980451
1.609458039	0.019913379
1.610328779	0.019961759
1.611268149	0.020041135
1.612138889	0.020051966
1.613043944	0.020115961
1.613914685	0.020262507
1.61481974	0.020379463
1.615656165	0.020374926
1.616494735	0.020400601
1.617434105	0.020525775
1.618405645	0.020583459
1.61944367	0.020642045
1.62021361	0.020735102
1.620985695	0.020744983
1.621755635	0.020883607
1.622695005	0.020986653
1.62360006	0.021021109
1.62460377	0.02101134
1.625508825	0.021174891
1.626448195	0.021202321
1.62735325	0.021297729
1.628157505	0.021338673
1.629028245	0.021350085
1.629864671	0.021475237
1.630737555	0.021578139
1.631674781	0.021605782
1.632545521	0.021739315
1.633450576	0.021766625
1.634289146	0.021815966
1.635194201	0.021873873
1.636099256	0.021962397
1.637171596	0.022007379
1.638175306	0.022105037
1.639013876	0.02216994
1.639783816	0.022172696
1.640688871	0.022238576
1.641561756	0.02241142
1.642464666	0.02249279
1.643537006	0.022568887
1.644442061	0.022619719
1.645413602	0.022640768
1.646252171	0.022790712
1.647056427	0.022894161
1.647826367	0.022920257
1.648699252	0.022986302
1.649604307	0.023060559
1.650475047	0.023196074
1.651380102	0.023201081
1.652216527	0.023274568
1.653121582	0.023418579
1.653992322	0.023477266
1.654966007	0.023583845
1.656004032	0.023529025
1.656808287	0.023579145
1.657713342	0.023762365
1.658584082	0.02383682
1.659422652	0.023949631
1.660259077	0.024054758
1.661230617	0.024099871
1.662103502	0.024143587
1.662974242	0.024334882
1.663911468	0.024379684
1.664784352	0.024423576
1.665588607	0.024489832
1.666392863	0.024548356
1.667430888	0.024696046
1.668503228	0.024665169
1.669442598	0.024788221
1.670345508	0.024934256
1.671149763	0.024930651
1.671921848	0.025035878
1.672859073	0.025182741
1.673965728	0.02525413
1.674769983	0.025414889
1.675574238	0.025403615
1.676444978	0.025432477
1.677283548	0.02556271
1.678154288	0.025630848
1.679093658	0.025715778
1.680131683	0.025770913
1.680901624	0.025884786
1.681774508	0.025961068
1.682677419	0.026069318
1.683449504	0.026041965
1.684320244	0.026181307
1.685291784	0.026227895
1.686297639	0.026338063
1.687234864	0.026510313
1.688174234	0.026564498
1.689079289	0.026649742
1.689915714	0.026733977
1.690820769	0.026827268
1.691860939	0.02697811
1.692665194	0.026864439
1.693368649	0.027049607
1.694273704	0.027095718
1.695077959	0.027187752
1.695948699	0.027265088
1.696920239	0.027375817
1.697891779	0.027383561
1.698796834	0.027533045
1.699802689	0.027628741
1.70067343	0.027714384
1.70144337	0.027766666
1.702215455	0.027858771
1.703086195	0.027960523
1.704158535	0.028105482
1.705130075	0.028049828
1.705968645	0.028254857
1.706839385	0.028293195
1.70764364	0.028314502
1.70858301	0.028441802
1.709520235	0.028481358
1.71032449	0.028606595
1.711128745	0.02881186
1.712100285	0.028828218
1.713039655	0.028884041
1.713910395	0.0290188
1.71481545	0.029170284
1.715752675	0.029250338
1.716825016	0.029212487
1.717629271	0.029450804
1.71856864	0.029563234
1.71930641	0.029664259
1.720142836	0.029694759
1.721013576	0.029790174
1.722019431	0.02987193
1.722958801	0.030065269
1.723996826	0.030139748
1.724901881	0.030171684
1.725639651	0.030297429
1.726476076	0.030352433
1.727447616	0.03049054
1.728386986	0.030620139
1.729257726	0.03054672
1.730061981	0.030771023
1.731001351	0.030820071
1.731872091	0.030948821
1.732676346	0.030995565
1.733514916	0.03107534
1.734417827	0.031302151
1.735256397	0.031446963
1.736328737	0.031393407
1.737167306	0.031441024
1.737937247	0.031511781
1.738775817	0.031559471
1.739713042	0.031779625
1.740851867	0.03173538
1.741656122	0.031831389
1.742494692	0.032009489
1.743399747	0.032140116
1.744371287	0.032166174
1.745409312	0.032299447
1.746282197	0.032421634
1.747086452	0.032542647
1.747957192	0.032705822
1.748894417	0.03265801
1.749767302	0.032780554
1.750638042	0.032944048
1.751543097	0.033026527
1.752514637	0.033159443
1.753520492	0.033145714
1.754324747	0.033390347
1.755060373	0.033445335
1.755765973	0.033475183
1.756636713	0.033524603
1.757573938	0.033673836
1.758614108	0.033816975
1.759551333	0.033950054
1.760522873	0.034075697
1.761427928	0.034142578
1.762266498	0.034306991
1.763171553	0.034374022
1.764007978	0.034431524
1.764880863	0.034629914
1.765751603	0.03461401
1.766622343	0.034886872
1.767561713	0.034905422
1.768432453	0.035104334
1.769337508	0.035262789
1.770274734	0.035347616
1.771381388	0.035460722
1.772252129	0.035502986
1.773056384	0.035626756
1.773759839	0.035740308
1.774664894	0.035866301
1.775535634	0.03594195
1.776440689	0.036018351
1.777547344	0.036198535
1.778317284	0.036372029
1.779288824	0.036491626
1.780193879	0.036510188
1.781098934	0.036645216
1.781937504	0.036795636
1.782741759	0.03694547
1.783646814	0.037014212
1.784549724	0.037057955
1.785523409	0.03717825
1.786359834	0.037345851
1.787230575	0.037455879
1.788103459	0.037549337
1.78910717	0.037620553
1.79004654	0.03768211
1.790749995	0.037947841
1.791588565	0.038057659
1.79249362	0.038160607
1.79336436	0.038262907
1.794301585	0.038341568
1.795341755	0.038439265
1.79627898	0.03859357
1.79721835	0.038773244
1.79808909	0.038825623
1.79895983	0.038911644
1.7996976	0.039062096
1.800501855	0.039188877
1.80140691	0.039301129
1.80237845	0.039423346
1.803283505	0.039544213
1.804154245	0.039622295
1.805093615	0.039769391
1.805930041	0.039914344
1.80697021	0.040063931
1.808074721	0.04015598
1.808778176	0.040256086
1.809582431	0.04041767
1.810421001	0.040546327
1.811259571	0.040649707
1.812130311	0.040745424
1.813101851	0.040843485
1.814139876	0.040951602
1.814978446	0.041182463
1.815883501	0.041236925
1.816820726	0.041393982
1.817592811	0.041581362
1.818397066	0.0416762
1.819334291	0.041765661
1.820305831	0.041898492
1.821346001	0.042067053
1.822317541	0.042242699
1.823121796	0.042286889
1.823926051	0.042433329
1.824796792	0.04257291
1.825802647	0.042732821
1.826673387	0.042778797
1.827376842	0.042897693
1.828281897	0.042978715
1.829152637	0.043229857
1.830057692	0.043259794
1.830997062	0.043376072
1.831968602	0.043527437
1.832839342	0.043676536
1.833845197	0.043871813
1.834715937	0.044046894
1.835453707	0.044021741
1.836191477	0.044288149
1.837027902	0.044445607
1.838100242	0.044626086
1.839140412	0.04465993
1.840011152	0.044784204
1.840948378	0.044910198
1.841786947	0.045094102
1.842692002	0.045159294
1.843730028	0.045245014
1.844502113	0.045375958
1.845338538	0.045508582
1.846310078	0.045679143
1.847182963	0.04576976
1.848019388	0.045868169
1.848857958	0.046061692
1.849829498	0.046172297
1.850936153	0.046329598
1.851772578	0.046445674
1.852611148	0.046509972
1.853314603	0.046726727
1.854153173	0.046695908
1.855023913	0.046813144
1.855995453	0.046959026
1.856834023	0.047197061
1.857906363	0.047328451
1.858877903	0.047483434
1.859714329	0.047556917
1.860587213	0.047683522
1.861524439	0.047890129
1.862395179	0.047956023
1.863199434	0.047950625
1.863971519	0.048118499
1.864876574	0.0483422
1.865779484	0.048452751
1.866652369	0.0484667
1.867589594	0.048700386
1.868561134	0.048812996
1.869466189	0.049011274
1.870572844	0.049083971
1.871377099	0.049201222
1.872114869	0.04930806
1.872919124	0.049530444
1.873856349	0.049704018
1.874995174	0.049830558
1.875833744	0.050054359
1.876672314	0.050059204
1.87750874	0.050177978
1.87837948	0.050297756
1.879284535	0.050400989
1.880123105	0.050625454
1.880961675	0.050665605
1.881864585	0.050883298
1.88287044	0.050945672
1.883775495	0.051181327
1.884614065	0.051292135
1.885484805	0.051500771
1.886456345	0.051597797
1.887563	0.051733861
1.888399425	0.051924369
1.889137195	0.052015244
1.88984065	0.052105228
1.89067922	0.052234318
1.89154996	0.052505752
1.892587986	0.052561084
1.89356167	0.052703101
1.894565381	0.052801829
1.895536921	0.053059097
1.896409805	0.053207537
1.897280546	0.053373754
1.898119116	0.053432807
1.899022026	0.053475964
1.899860596	0.05372142
1.900731336	0.053825942
1.901604221	0.054028297
1.902507131	0.054098381
1.903412186	0.054195239
1.904418041	0.054419568
1.905490381	0.054503611
1.906395436	0.054654158
1.907133206	0.054791109
1.907868831	0.054972643
1.908741716	0.055086946
1.909612456	0.055219107
1.910583996	0.055398904
1.911722822	0.055664083
1.912426277	0.055729227
1.913299161	0.055754664
1.914169902	0.055949908
1.915074957	0.05604792
1.915844897	0.056186782
1.916649152	0.056371507
1.917588522	0.056506614
1.918525747	0.056731371
1.919497287	0.056804927
1.920436657	0.056967273
1.921341712	0.057119757
1.922212452	0.057235424
1.923218307	0.057454014
1.924123362	0.057651805
1.924893302	0.057701846
1.925697557	0.057779921
1.926536127	0.057940057
1.927372552	0.058145256
1.928277607	0.058316663
1.929283462	0.05832906
1.930255002	0.058484653
1.931192228	0.058774631
1.932097283	0.058829249
1.932935853	0.058999233
1.933705793	0.059221433
1.934510048	0.059309313
1.935481588	0.059537981
1.936420958	0.059575922
1.937358183	0.059821929
1.938263238	0.059913247
1.939202608	0.060105318
1.940006863	0.060266164
1.940911918	0.060357737
1.941949943	0.060498861
1.942754198	0.060696323
1.943624938	0.060877855
1.944429193	0.060957537
1.945267763	0.061220057
1.946138503	0.06123837
1.947110044	0.061505396
1.948216698	0.061658647
1.949087439	0.061722619
1.950026809	0.061943635
1.950998349	0.062102073
1.951768289	0.06231802
1.952606859	0.062344794
1.953578399	0.062494435
1.954515624	0.062679609
1.955420679	0.062918697
1.956293564	0.062974195
1.957129989	0.063257074
1.957934244	0.063347083
1.958772814	0.063538894
1.959778669	0.063663058
1.960715894	0.063849188
1.961387179	0.063935176
1.962257919	0.064027715
1.963128659	0.064129481
1.964033714	0.064324168
1.96497094	0.064510886
1.965944624	0.064634676
1.96688185	0.064812478
1.967988505	0.064904095
1.96889356	0.065154651
1.9696635	0.065327326
1.97033264	0.065487562
1.971136895	0.065505086
1.972177065	0.065760729
1.97318292	0.065794268
1.974019345	0.066126421
1.974890085	0.06620171
1.975728655	0.066377469
1.976599395	0.066517509
1.977639565	0.066700305
1.978510305	0.06687753
1.979348875	0.0669521
1.980320415	0.067105206
1.981191155	0.067236501
1.981961096	0.067503318
1.98283398	0.067514525
1.983771206	0.067741015
1.984777061	0.067821714
1.985613486	0.068045054
1.986552856	0.068188589
1.987391426	0.068300916
1.988195681	0.068532854
1.989066421	0.068655772
1.990072276	0.068839212
1.991009501	0.069029722
1.992116156	0.069282097
1.993021211	0.069443896
1.993756836	0.069571963
1.994561091	0.069627976
1.995500461	0.069828536
1.996437686	0.070122426
1.997276256	0.070142551
1.998014026	0.070429761
1.998951251	0.070500144
1.999789821	0.070679167
2.000660561	0.070859454
2.001599931	0.071023609
2.002672271	0.071155198
2.003643812	0.071330094
2.004681837	0.071591767
2.005385292	0.071813587
2.006088747	0.071876258
2.006927317	0.071962546
2.007832372	0.072191936
2.008870397	0.07246383
2.009741137	0.072654817
2.010614022	0.072761501
2.011519077	0.072813045
2.012421987	0.073061915
2.013294872	0.073244062
2.014131297	0.073415603
2.015004182	0.07356977
2.015907092	0.073743972
2.016880777	0.073883213
2.017717202	0.073942126
2.018555772	0.074142562
2.019460827	0.074496505
2.020464538	0.074750582
2.021605508	0.074840006
2.022476248	0.074957258
2.023280503	0.075185519
2.024018273	0.075326378
2.024854698	0.07546154
2.025727583	0.075531916
2.026731293	0.075768133
2.027636348	0.075944026
2.028607888	0.076094115
2.029512943	0.076241815
2.030351513	0.076444015
2.031222253	0.076638082
2.032092993	0.076822796
2.033032363	0.076953266
2.033903103	0.077005224
2.034842473	0.077240377
2.035678898	0.077443272
2.036517468	0.077665414
2.037388209	0.077784265
2.038327578	0.077991497
2.039532889	0.078256715
2.040472259	0.078378533
2.041207884	0.078454459
2.041911339	0.078576868
2.042749909	0.078809501
2.043588479	0.078965939
2.044525704	0.079107197
2.045565874	0.079262095
2.046370129	0.079579999
2.047341669	0.079780344
2.048246724	0.079901712
2.049117464	0.080040959
2.049921719	0.080206419
2.050758144	0.080373244
2.051663199	0.080562039
2.052602569	0.080675622
2.053539795	0.08072205
2.054412679	0.081120994
2.05531559	0.081223845
2.056188474	0.081488833
2.057160015	0.081652246
2.058131555	0.081777324
2.05893581	0.082117015
2.059740065	0.082197193
2.060578635	0.08227878
2.061449375	0.082525374
2.062320115	0.082646925
2.06332597	0.082889615
2.064331825	0.083161429
2.06526905	0.083382465
2.06620842	0.083623054
2.06707916	0.083754842
2.0678491	0.083843989
2.068653355	0.08406984
2.06965921	0.08422672
2.07063075	0.084450013
2.071501491	0.084562929
2.072374375	0.084782472
2.073210801	0.085020041
2.073982885	0.08525513
2.074954426	0.085479206
2.075958136	0.085617517
2.076762391	0.085757386
2.077635276	0.086045736
2.078540331	0.086170593
2.079411071	0.086352377
2.080316126	0.086467694
2.081287666	0.086712218
2.082325691	0.086891629
2.083164261	0.087179597
2.084101486	0.087335631
2.085006541	0.087568327
2.085778626	0.087727401
2.086615051	0.087947754
2.087554421	0.087997098
2.088491646	0.088280474
2.089396701	0.088494392
2.090235271	0.088686115
2.091071697	0.088848572
2.091944581	0.088983369
2.092815322	0.089215906
2.093821177	0.089356581
2.094758402	0.089504203
2.095429687	0.089797139
2.096366912	0.08988626
2.097205482	0.090118124
2.098076222	0.090253536
2.098981277	0.090370899
2.099918502	0.090744727
2.100791387	0.091047376
2.101863727	0.091142937
2.102835267	0.091302927
2.103671692	0.091486628
2.104409462	0.091734953
2.105314517	0.09187274
2.106453342	0.092178241
2.107358397	0.092276903
2.108128338	0.092468161
2.108966908	0.09268225
2.109771163	0.092963947
2.110742703	0.09313492
2.111782873	0.093397814
2.112587128	0.093541924
2.113391383	0.093745343
2.114262123	0.09398147
2.115167178	0.094209408
2.116003603	0.094424561
2.116942973	0.094624681
2.117880198	0.094706142
2.118886053	0.094978746
2.119655993	0.095369669
2.120595363	0.095471362
2.121433933	0.095697379
2.122203873	0.095940268
2.123008128	0.096234441
2.123945354	0.096534854
2.124850409	0.096675235
2.125856264	0.096820292
2.126894289	0.097264932
2.127767174	0.097553305
2.128672229	0.097763821
2.129609454	0.097966014
2.130647479	0.098153088
2.131451734	0.098518666
2.132189504	0.098761902
2.133094559	0.098923381
2.134033929	0.099236066
2.134904669	0.099416159
2.135809724	0.099717674
2.136781264	0.100062443
2.137718489	0.100246117
2.138724344	0.100553009
2.139528599	0.100830657
2.140232054	0.100893798
2.141004139	0.101160196
2.141874879	0.101491456
2.143013705	0.101875729
2.143852274	0.102075806
2.144622215	0.102252702
2.145460785	0.102563247
2.14639801	0.10279853
2.14736955	0.103095804
2.14830892	0.103341586
2.14917966	0.103684618
2.15001823	0.104016295
2.150923285	0.104240915
2.15175971	0.104402054
2.15259828	0.10470415
2.153503335	0.105029808
2.15444056	0.105317024
2.1555129	0.105701681
2.15635147	0.105914022
2.15722221	0.10614823
2.15799215	0.106538893
2.15883072	0.106771875
2.159735775	0.107109175
2.160673001	0.107377677
2.161646685	0.107799634
2.162684711	0.108154438
2.163722736	0.108560064
2.164561306	0.108955989
2.165365561	0.109249317
2.166169816	0.109300012
2.167008386	0.109544754
2.167879126	0.109841909
2.168784181	0.11019166
2.169689236	0.110612602
2.170525661	0.110898553
2.171465031	0.111200106
2.172402256	0.111674261
2.173442426	0.112052581
2.174379651	0.112405577
2.175218221	0.112652123
2.175921676	0.112810512
2.176725931	0.11310638
2.177596671	0.113517779
2.178568212	0.113843163
2.179674866	0.114369301
2.180479122	0.114645743
2.181416347	0.115082194
2.182355717	0.115478318
2.183159972	0.115724813
2.184030712	0.115954587
2.184834967	0.116272815
2.185705707	0.116553956
2.186677247	0.117044938
2.187683102	0.117415537
2.188588157	0.117842337
2.189458897	0.118124427
2.190297467	0.118425425
2.191269007	0.118754294
2.192174062	0.119171947
2.192944002	0.119459626
2.193716087	0.119706609
2.194552512	0.119988004
2.195356768	0.120421625
2.196229652	0.120818276
2.197201192	0.121076972
2.198138418	0.121518759
2.199077788	0.122063711
2.200115813	0.122450164
2.200986553	0.122704229
2.201790808	0.122975313
2.202629378	0.123310209
2.203701718	0.123812835
2.204673258	0.124217532
2.205578313	0.12461878
2.206515538	0.125011833
2.207354108	0.125368641
2.208158363	0.125713416
2.209196388	0.126226527
2.210236558	0.126698894
2.210940013	0.127038692
2.211744268	0.127260521
2.212615008	0.127579319
2.213453578	0.128010192
2.214324319	0.128463906
2.215330174	0.128956842
2.216336028	0.129470877
2.217140284	0.129859594
2.218111824	0.130393066
2.219016879	0.130819388
2.219752504	0.130935331
2.220556759	0.131179831
2.221461814	0.131596451
2.222366869	0.132075647
2.223306239	0.132681849
2.224309949	0.133094978
2.225215004	0.133616834
2.226053574	0.134020694
2.226889999	0.134403889
2.227895854	0.134912049
2.228800909	0.135268748
2.229538679	0.135625931
2.230409419	0.136158109
2.231247989	0.136407309
2.232052244	0.136779661
2.232957299	0.137231444
2.23396101	0.137700063
2.234833895	0.13827578
2.235906235	0.138770304
2.236909945	0.139334101
2.237647715	0.139735404
2.238385485	0.13979193
2.239256225	0.140254208
2.24029425	0.140842413
2.241267935	0.141406106
2.24207219	0.141791954
2.2429751	0.142142392
2.243847985	0.142627404
2.244819525	0.143360193
2.24585755	0.143940483
2.24659532	0.144145165
2.24743389	0.144366923
2.24840543	0.145038428
2.249310485	0.145653622
2.250146911	0.145939
2.251017651	0.146395001
2.252057821	0.147009622
2.253095846	0.147698273
2.253767131	0.147942285
2.254672186	0.148328154
2.255407811	0.148587236
2.256212066	0.14897744
2.257050636	0.149517745
2.258088661	0.1501244
2.258961546	0.150752184
2.260033886	0.151478217
2.261037596	0.151999599
2.261876166	0.152457426
2.262746906	0.152864882
2.263752761	0.153429782
2.264623501	0.154049401
2.265427756	0.154188759
2.266199841	0.154580021
2.267137067	0.155226353
2.267975636	0.155845201
2.268846377	0.156233546
2.269717117	0.156728154
2.270722972	0.157285482
2.271694512	0.158084897
2.272732537	0.158698512
2.273470307	0.158951784
2.274173762	0.159255895
2.274978017	0.159599112
2.275917387	0.160249671
2.277056212	0.161084976
2.277894782	0.161633711
2.278731207	0.161991074
2.279569777	0.162476575
2.280440517	0.163007294
2.281379887	0.163490012
2.282250627	0.1640321
2.283121367	0.164510571
2.284026422	0.165023843
2.284997963	0.165552958
2.285903018	0.166184402
2.286741587	0.166672594
2.287678813	0.16723242
2.288650353	0.167859302
2.289656208	0.16866029
2.290460463	0.169061872
2.291230403	0.169418349
2.291968173	0.169601363
2.292838913	0.170019199
2.293743968	0.170782684
2.294749823	0.171436354
2.295689193	0.172106993
2.296727218	0.172839182
2.297632273	0.173486797
2.298468698	0.173904224
2.299341583	0.174367632
2.300145838	0.174686461
2.301016578	0.175160991
2.301921633	0.175756716
2.302758059	0.176175511
2.303697429	0.176817655
2.304568169	0.177271991
2.305473224	0.177858483
2.306378279	0.178510016
2.307484934	0.17922077
2.308422159	0.179811099
2.309226414	0.180175746
2.309929869	0.180543514
2.310800609	0.181021709
2.311639179	0.181540874
2.312578549	0.182219524
2.313650889	0.183060467
2.314521629	0.183680696
2.315559654	0.184336286
2.316499024	0.184876314
2.317335449	0.1852786
2.318107534	0.185838383
2.31894396	0.186197878
2.319883329	0.186901763
2.320788384	0.18735407
2.321693439	0.188023552
2.322529865	0.188536053
2.323400605	0.188943148
2.32427349	0.189524365
2.32524503	0.190233498
2.32621657	0.190823641
2.32695434	0.191242824
2.327758595	0.191624219
2.32856285	0.191918823
2.32943359	0.192469314
2.330370815	0.193080093
2.331410985	0.19392853
2.33241684	0.194785675
2.33338838	0.195531625
2.334325605	0.196198922
2.33509769	0.196318349
2.335833315	0.196674765
2.336637571	0.19711355
2.337609111	0.197730504
2.338582795	0.198479159
2.339485706	0.199091217
2.34045939	0.199753454
2.341330131	0.200396425
2.342166556	0.200949358
2.343206726	0.201476378
2.344311236	0.202458266
2.345049006	0.202773901
2.345786776	0.202936304
2.346625346	0.203228058
2.347461771	0.203585568
2.348332511	0.204121756
2.349271881	0.20496053
2.350309906	0.205720727
2.351114161	0.206208415
2.352085701	0.206744049
2.353025071	0.207387123
2.353863641	0.207790859
2.354667896	0.208070817
2.355538636	0.208664857
2.356475862	0.209529337
2.357380917	0.210281461
2.358320287	0.210960066
2.359191027	0.211533817
2.360029597	0.212049927
2.360932507	0.212539062
2.361972677	0.213283595
2.362909902	0.213897977
2.363581187	0.214102258
2.364451927	0.214611837
2.365290497	0.21519614
2.366161237	0.215850047
2.367167092	0.216682581
2.368170802	0.217648281
2.369009372	0.218333923
2.370015227	0.218847273
2.370851652	0.219400672
2.371724537	0.219935633
2.372460163	0.220225471
2.373298732	0.220735627
2.374336758	0.221586281
2.375310442	0.222553608
2.376146868	0.223120302
2.376985438	0.223620928
2.377856178	0.224069353
2.378761233	0.224754605
2.379767088	0.225583246
2.380603513	0.226296323
2.381375598	0.226547679
2.382347138	0.227385632
2.383284363	0.228265433
2.384157248	0.228816736
2.385060158	0.229549508
2.386033843	0.230200444
2.387204838	0.231183116
2.387942608	0.231644932
2.388813348	0.232019494
2.389551118	0.232325531
2.390389688	0.232764335
2.391260429	0.2333964
2.392199798	0.234270216
2.393036224	0.234866278
2.394042079	0.235714185
2.395047934	0.236596281
2.395884359	0.237204861
2.396789414	0.237663892
2.397728784	0.238484981
2.398633839	0.239168777
2.399438094	0.239674839
2.400208034	0.240110489
2.401145259	0.240989301
2.402084629	0.241801625
2.403021854	0.24274898
2.403926909	0.243368126
2.404831964	0.244111224
2.405702704	0.244626593
2.406708559	0.245437061
2.407480644	0.246010563
2.408149784	0.246135179
2.40895404	0.24657743
2.409859095	0.247390439
2.41089712	0.248465413
2.411770005	0.249388959
2.41260643	0.249881119
2.413511485	0.250561045
2.414483025	0.251473877
2.415454565	0.252094032
2.416293135	0.252689413
2.417163875	0.253548185
2.418034615	0.254147748
2.419074785	0.255059291
2.41997984	0.256025051
2.420784095	0.256336274
2.42162052	0.257069552
2.422626375	0.258047616
2.423698715	0.259180673
2.42450297	0.259776264
2.42524074	0.260047883
2.42597851	0.260670881
2.426881421	0.261311992
2.427786476	0.262044454
2.428826646	0.263120996
2.429798186	0.264179552
2.430804041	0.264992837
2.431741266	0.265912781
2.432579836	0.266458955
2.433484891	0.267080934
2.434387801	0.267953213
2.435361486	0.268822503
2.436232226	0.269783418
2.437203766	0.270539863
2.438008021	0.271335148
2.438812276	0.271857514
2.439616531	0.272494114
2.440487271	0.273161312
2.441493126	0.27432302
2.442398181	0.275303107
2.443168121	0.275800702
2.443871577	0.276039917
2.444744461	0.276652353
2.445647372	0.277691208
2.446552427	0.278628154
2.447624767	0.279824902
2.448497652	0.280782412
2.449501362	0.28185855
2.450406417	0.282832524
2.451345787	0.283719517
2.452150042	0.284442533
2.453020782	0.28504766
2.453958007	0.286211048
2.454830892	0.287023735
2.455735947	0.287875109
2.456572372	0.288478013
2.457443112	0.289108254
2.458315997	0.290083584
2.459319707	0.291132452
2.460325562	0.292251283
2.461129817	0.292864103
2.461934073	0.293408266
2.462738328	0.294159772
2.463576898	0.295019374
2.464514123	0.295971916
2.465485663	0.297182571
2.466358548	0.298082643
2.467295773	0.298944977
2.468235143	0.300050238
2.469140198	0.300875285
2.469910138	0.30151131
2.470748708	0.302236846
2.471685933	0.30315961
2.472590988	0.304321556
2.473429558	0.304979294
2.474332468	0.30596895
2.475237523	0.307075123
2.476076093	0.307838363
2.477047633	0.308873147
2.478154288	0.310411685
2.478990714	0.311303803
2.479863598	0.312038885
2.480734338	0.313063807
2.481570764	0.313818442
2.482443649	0.314844815
2.483415189	0.315919178
2.484453214	0.317118811
2.485190984	0.317828185
2.486061724	0.318671079
2.486966779	0.319669901
2.487736719	0.320500896
2.488540974	0.321069441
2.489446029	0.321965252
2.490417569	0.323300635
2.491391254	0.324579058
2.492362794	0.325753331
2.493267849	0.326710086
2.494104274	0.327646786
2.494942844	0.32872416
2.495948699	0.329684396
2.496920239	0.330874003
2.497655865	0.33162477
2.498629549	0.332769374
2.49950029	0.333737575
2.50037103	0.334683012
2.5013104	0.335766749
2.50228194	0.337124346
2.50315268	0.338282203
2.504089905	0.339449796
2.504928475	0.340370758
2.505666245	0.341149795
2.506436185	0.341758018
2.507274755	0.342750666
2.508347095	0.344150845
2.509318635	0.345807783
2.51012289	0.346645509
2.511027945	0.347826043
2.511933	0.348890012
2.512870225	0.350123455
2.51387608	0.351461246
2.514680335	0.352442844
2.515518905	0.353065591
2.516456131	0.354278471
2.517361186	0.355511129
2.518165441	0.356318646
2.519036181	0.357300751
2.520042036	0.358714624
2.521080061	0.360310737
2.521884316	0.361297327
2.522757201	0.362247196
2.523492826	0.362953938
2.524331396	0.363770185
2.525236451	0.364820592
2.526274476	0.366539889
2.527179531	0.367863382
2.528251871	0.369424715
2.529122611	0.370567848
2.529860381	0.371302208
2.530698951	0.372087213
2.531604006	0.373308127
2.532506917	0.374411216
2.533446286	0.375626898
2.534284856	0.376544304
2.535256397	0.378003058
2.536161452	0.379334415
2.537064362	0.380571504
2.537937247	0.381816715
2.538874472	0.383155409
2.539713042	0.383934387
2.540718897	0.385474881
2.541488837	0.38632767
2.542226607	0.386938526
2.543030862	0.387773604
2.543867287	0.388804153
2.544939627	0.390418225
2.545812512	0.391990917
2.546683252	0.392862468
2.547553992	0.393948704
2.548493362	0.395331908
2.549497073	0.396904656
2.550335642	0.398131098
2.551240697	0.399213759
2.552145752	0.400416291
2.553149463	0.402171722
2.554054518	0.403543
2.554893088	0.404570483
2.555798143	0.405740416
2.556735368	0.407262508
2.557775538	0.408849847
2.558511163	0.409552987
2.559248933	0.410268762
2.560021018	0.41107409
2.560923928	0.412307556
2.561828983	0.413589999
2.562901323	0.415630532
2.563941493	0.417415902
2.564979518	0.419190254
2.565818088	0.420489768
2.566622343	0.421137052
2.567458769	0.422065758
2.568263024	0.423193607
2.569168079	0.424458726
2.570038819	0.425995038
2.570943874	0.427069682
2.571848929	0.428529373
2.572719669	0.429791987
2.573624724	0.431241415
2.574564094	0.432938025
2.575702919	0.435126571
2.576573659	0.436392873
2.577345744	0.437245923
2.578081369	0.43800892
2.578919939	0.439199341
2.579758509	0.440462738
2.580663564	0.441955209
2.581735904	0.443983812
2.582606644	0.445376004
2.583578184	0.446919204
2.584416754	0.448223087
2.585353979	0.44964148
2.58612392	0.450681315
2.58696249	0.451842421
2.587901859	0.45338445
2.5887726	0.454830781
2.589677655	0.456429175
2.590548395	0.457707915
2.59145345	0.459271881
2.59232419	0.460636999
2.593229245	0.462009044
2.5942351	0.464005787
2.595071525	0.465088694
2.595910095	0.46637871
2.596748665	0.46759669
2.59758509	0.468705779
2.598490145	0.470289092
2.599461685	0.472104008
2.600401055	0.473780684
2.601372595	0.47559798
2.60230982	0.477361588
2.60314839	0.478536732
2.60388616	0.479438563
2.604656101	0.480614404
2.605627641	0.482387963
2.606599181	0.48452795
2.607472066	0.485920261
2.608409291	0.487873657
2.609348661	0.489670297
2.610219401	0.491101625
2.611323911	0.49323652
2.612531366	0.4960759
2.613234821	0.496929609
2.614039076	0.498095928
2.614944131	0.499636313
2.615814871	0.501232158
2.616619126	0.50224177
2.617524181	0.503735866
2.618495721	0.505524998
2.619267806	0.506505958
2.620138546	0.507469804
2.621043601	0.508612225
2.621779227	0.509403989
2.622583482	0.510331962
2.623522852	0.511862665
2.624494392	0.513694825
2.625433762	0.515068166
2.626370987	0.51692035
2.627276042	0.518288794
2.628114612	0.519657188
2.629017522	0.520891748
2.630089862	0.522787175
2.630928432	0.524280997
2.631631887	0.524642428
2.632603427	0.526471501
2.633476312	0.528023686
2.634413537	0.529823505
2.635352907	0.531661831
2.636324447	0.533507844
2.637128702	0.534729885
2.638100242	0.536910696
2.639005297	0.538512389
2.639775238	0.539507917
2.640545178	0.540429935
2.641349433	0.54165552
2.642355288	0.543750067
2.643361143	0.546290521
2.644199713	0.547563001
2.645070453	0.549337028
2.645941193	0.550704276
2.646880563	0.552556407
2.647918588	0.554949813
2.648757158	0.556659637
2.649660068	0.558136476
2.650599438	0.560228518
2.651438008	0.561780394
2.652207948	0.562897381
2.653078688	0.564544413
2.654050228	0.566908104
2.655191198	0.569743759
2.655995453	0.571491819
2.656866193	0.572932533
2.657535334	0.573734695
2.658373904	0.575033219
2.659278959	0.576967894
2.660284814	0.579298452
2.661155554	0.581141186
2.662161409	0.583574131
2.663098634	0.585645367
2.663902889	0.586917156
2.664741459	0.58843366
2.665646514	0.590276979
2.666517254	0.591951885
2.667454479	0.594228124
2.668258734	0.595516466
2.669131619	0.597419226
2.670002359	0.599210385
2.670873099	0.601127333
2.671844639	0.603342703
2.672816179	0.605734301
2.673721234	0.607512923
2.674727089	0.609927725
2.675531344	0.61123582
2.676269114	0.612079372
2.677139855	0.613516427
2.678111395	0.615715447
2.67931885	0.618983974
2.680155275	0.621130053
2.68095953	0.622230546
2.6817981	0.623803023
2.682703155	0.625742704
2.68364038	0.627678541
2.684444635	0.62917063
2.685315375	0.63098013
2.68618826	0.632690806
2.687125485	0.634869479
2.687964055	0.636536504
2.68876831	0.638259093
2.689673365	0.640257838
2.69071139	0.642867631
2.691749416	0.645680405
2.6925215	0.646972296
2.693357926	0.648720605
2.694162181	0.650122349
2.695035066	0.651805748
2.695940121	0.653850475
2.696943831	0.656512464
2.697883201	0.658908513
2.698820426	0.660876961
2.699725481	0.663027863
2.700529736	0.664612855
2.701400476	0.666454802
2.702204731	0.667991068
2.703176271	0.66997359
2.704115641	0.672820852
2.705020696	0.674435823
2.705925751	0.676784764
2.706830806	0.678578841
2.707701546	0.680694163
2.708606601	0.682832007
2.709644627	0.685662853
2.710549682	0.687601001
2.711319622	0.688771429
2.712091707	0.689550266
2.712962447	0.691228872
2.713833187	0.692883062
2.714772557	0.694543049
2.715810582	0.697180669
2.716681322	0.699066437
2.717652862	0.701195057
2.718525747	0.702880482
2.719330002	0.704028314
2.720065627	0.705019159
2.720904197	0.706405697
2.721875737	0.708475904
2.722746477	0.710368498
2.723720162	0.712696174
2.724623072	0.714548626
2.725596757	0.716789937
2.726499668	0.71865743
2.727473352	0.720404568
2.728344092	0.72241862
2.729114033	0.722711716
2.730053403	0.723827564
2.730924143	0.723969138
2.731794883	0.72377891
2.732665623	0.72400961
2.733639308	0.725097507
2.734576533	0.726380673
2.735548073	0.727648121
2.736418813	0.728876656
2.737190898	0.72908231
2.737960838	0.729440851
2.738765093	0.730473806
2.739770948	0.73249523
2.740742488	0.735007994
2.741613228	0.736406789
2.742486113	0.737934995
2.743356853	0.739988798
2.744193279	0.741547418
2.745132648	0.743493727
2.746138503	0.746331439
2.746942758	0.747884355
2.747847813	0.749670895
2.748750724	0.751624766
2.749655779	0.753169375
2.750528664	0.755078572
2.751500204	0.757555733
2.752572544	0.760525123
2.753342484	0.761959562
2.754213224	0.763448352
2.755017479	0.765228302
2.755755249	0.766527288
2.756660304	0.768517236
2.757666159	0.77143811
2.758669869	0.774321653
2.759609239	0.776892514
2.760514294	0.779597087
2.761419349	0.781439113
2.762223604	0.783111679
2.76306003	0.784897468
2.763965085	0.787026471
2.76487014	0.789337494
2.765642224	0.790384637
2.76657945	0.792991348
2.76745019	0.794934233
2.768355245	0.797211315
2.769294615	0.799564297
2.770266155	0.802367933
2.77117121	0.804636289
2.77217492	0.807400801
2.772979175	0.808969077
2.77378343	0.810214237
2.774555515	0.81183935
2.77546057	0.813815337
2.77656508	0.817005248
2.777470135	0.819736387
2.77827439	0.820778297
2.77911296	0.822778394
2.779917215	0.824301936
2.78082227	0.826544544
2.781725181	0.828696849
2.782563751	0.830597229
2.783434491	0.83218321
2.784474661	0.835212343
2.785411886	0.837770193
2.786282626	0.839749925
2.787221996	0.842063897
2.788294336	0.84533114
2.789433161	0.849024761
2.790205246	0.850119891
2.790940871	0.85107402
2.791644326	0.851927442
2.792482896	0.853552852
2.793422266	0.856149349
2.794460291	0.859182333
2.795298861	0.861202725
2.796371201	0.864393473
2.797276256	0.866606898
2.798011882	0.867605851
2.798783966	0.868838755
2.799686877	0.870832076
2.800591932	0.87281409
2.801531302	0.875252813
2.802301242	0.876645167
2.803206297	0.878892242
2.804044867	0.880438656
2.804915607	0.88250689
2.805852832	0.885317993
2.806858687	0.888742444
2.807763742	0.890694525
2.808801767	0.893542683
2.809606022	0.895255173
2.810378107	0.896590688
2.811214532	0.898288743
2.812153902	0.900506583
2.813260557	0.90401454
2.814096982	0.906005161
2.814935552	0.907353257
2.815806292	0.909435728
2.816677033	0.911190415
2.817549917	0.91276247
2.818386343	0.914626264
2.819257083	0.916554831
2.820196453	0.918822902
2.821167993	0.921484914
2.822006563	0.923261428
2.822877303	0.925062562
2.823814528	0.92746678
2.824753898	0.929952258
2.825826238	0.933011008
2.826630493	0.934332742
2.827400433	0.935577691
2.828172518	0.936546489
2.829077573	0.938550779
2.829980483	0.940819808
2.831052823	0.94346389
2.832026508	0.945812197
2.832963733	0.947699806
2.833868788	0.949577678
2.834707358	0.950706034
2.835543784	0.951767952
2.836348039	0.952726789
2.837218779	0.953960151
2.838123834	0.956173331
2.838996719	0.95742214
2.839867459	0.959294229
2.840738199	0.960782506
2.841677569	0.963051297
2.842614794	0.965094941
2.843652819	0.967492771
2.844525704	0.968400906
2.845362129	0.969283706
2.846134214	0.969839177
2.847004954	0.971332666
2.847875694	0.972321427
2.848815064	0.973932829
2.849853089	0.976271018
2.850657344	0.977012542
2.851596714	0.978506566
2.852467454	0.979671354
2.853338195	0.980716726
2.854108135	0.981394614
2.85498102	0.98253485
2.85598473	0.98432094
2.8569241	0.985098387
2.85786347	0.985462337
2.85866558	0.985778981
2.859538465	0.986307039
2.86047569	0.986737189
2.86144723	0.987900957
2.862420915	0.988504508
2.863223025	0.987618031
2.86412808	0.988291407
2.86496665	0.988513855
2.86580522	0.988722879
2.866641645	0.989506854
2.867681815	0.991044583
2.86861904	0.991073712
2.869489781	0.990918855
2.870362665	0.990952155
2.871199091	0.990838603
2.872003346	0.990083246
2.872775431	0.989785859
2.873712656	0.991249665
2.874684196	0.992564944
2.875623566	0.992593801
2.876560791	0.992930743
2.877465846	0.992893715
2.878304416	0.992941083
2.879275956	0.993518308
2.880281811	0.993529063
2.881017436	0.99206039
2.881856006	0.991904955
2.882793231	0.991473515
2.883698286	0.990680337
2.884571171	0.990400872
2.885542711	0.990532282
2.886615051	0.990792528
2.887384992	0.989627268
2.888255732	0.990222492
2.889128616	0.990548744
2.889965042	0.990295588
2.890769297	0.990085109
2.891708667	0.990285285
2.892712377	0.990102082
2.893686062	0.990083944
2.894522487	0.99009974
2.895361057	0.990386581
2.896165312	0.990337032
2.897001737	0.990568922
2.898007592	0.990452637
2.898979132	0.990080584
2.899716902	0.989140703
2.900656272	0.989840485
2.901460527	0.989694826
2.902331267	0.989842722
2.903268493	0.990094562
2.904274347	0.989840725
2.905179402	0.989253616
2.906150943	0.989706603
2.907055998	0.989919778
2.907860253	0.990247973
2.908664508	0.990318072
2.909503078	0.990875371
2.910506788	0.99200566
2.911546958	0.992196999
2.912417698	0.99200402
2.913354923	0.992010278
2.914193493	0.991778583
2.915098548	0.991855133
2.916136573	0.992112975
2.916908658	0.991149486
2.917745083	0.991679002
2.918684453	0.990934951
2.919520878	0.990618934
2.920292963	0.990294395
2.921097218	0.990376114
2.922034444	0.991021425
2.923074613	0.991442467
2.923945354	0.991123242
2.924850409	0.991894505
2.925654664	0.991320026
2.926458919	0.991756561
2.927329659	0.992584885
2.928335514	0.993445688
2.929206254	0.993399051
2.930244279	0.994681754
2.931183649	0.995028008
2.932054389	0.996994356
2.932892959	1.001238423
2.933798014	1.006603775
2.934703069	1.012218976
2.935573809	1.017510193
2.936343749	1.022138379
2.937248804	1.02762551
2.938153859	1.031990519
2.939091085	1.036671375
2.94009694	1.04140678
2.94106848	1.045047761
2.941941364	1.047528996
2.94297939	1.052077331
2.94371716	1.055242169
2.944420615	1.057584725
2.94522487	1.060693642
2.946129925	1.064569806
2.947202265	1.069417326
2.94803869	1.071827556
2.94887726	1.07333072
2.949782315	1.075492561
2.95071954	1.077653494
2.95165891	1.080188598
2.952563965	1.083622694
2.953434705	1.085252756
2.954305445	1.086649014
2.9552105	1.08923179
2.95604907	1.090990591
2.956853325	1.092033191
2.957689751	1.093267675
2.958661291	1.095133068
2.95980226	1.096094544
2.960638686	1.096390466
2.961511571	1.097972461
2.962247196	1.099725624
2.963120081	1.102900697
2.963990821	1.105232168
2.965028846	1.107585764
2.966034701	1.109734749
2.967006241	1.112883714
2.967945611	1.117006639
2.968749866	1.119624979
2.969554121	1.121384637
2.970358376	1.12328382
2.971229116	1.12487598
2.972134171	1.127481388
2.973039226	1.129588271
2.973909966	1.13218322
2.974746392	1.13511376
2.975685761	1.139030244
2.976691616	1.142807664
2.977830442	1.148043346
2.978769811	1.151410706
2.979539752	1.154839548
2.980243207	1.156893943
2.981081777	1.160435859
2.981918202	1.164201591
2.982823257	1.167940398
2.983929912	1.172917205
2.984766337	1.176215416
2.985705707	1.179960378
2.986542132	1.181518473
2.987380702	1.180971172
2.988219272	1.185936439
2.989055697	1.190428777
2.989995067	1.195788546
2.990932292	1.20087119
2.991871662	1.206041494
2.992776717	1.210641784
2.993681772	1.215342514
2.994552512	1.219626271
2.995558367	1.224527176
2.996529908	1.2298229
2.997299848	1.232224826
2.998138418	1.235216224
2.999009158	1.239272948
2.999879898	1.24324775
3.000750638	1.247238667
3.001690008	1.251652859
3.002595063	1.25606924
3.003532288	1.260501556
3.004370858	1.264459849
3.005241598	1.267774012
3.006045853	1.27103369
3.006850108	1.274308974
3.007755163	1.278471549
3.008694533	1.284028197
3.009597444	1.288012118
3.010502499	1.292266283
3.011474039	1.29739534
3.012346923	1.301612453
3.013384949	1.30645227
3.014457289	1.312732087
3.015160744	1.315122704
3.015932829	1.317558362
3.016803569	1.321193694
3.017639994	1.325013163
3.018545049	1.329104439
3.019516589	1.33405938
3.020623244	1.340530304
3.021427499	1.344697528
3.022298239	1.348402383
3.023203294	1.352435148
3.023975379	1.355365256
3.024779634	1.358240492
3.025684689	1.362278848
3.026621914	1.36685695
3.027593454	1.371509734
3.028498509	1.376432062
3.02936925	1.379657671
3.03020782	1.38323821
3.031112875	1.387148246
3.032217385	1.392667278
3.03312244	1.397715521
3.033825895	1.398705682
3.03469878	1.402240615
3.035535205	1.405703753
3.03644026	1.409923737
3.037345315	1.414699263
3.03835117	1.4196522
3.039288395	1.424348808
3.04029425	1.429662515
3.04116499	1.43299808
3.041937075	1.435436257
3.0426727	1.437645087
3.043545585	1.441056997
3.044650095	1.447111809
3.04565595	1.453649905
3.04649452	1.456497583
3.047298775	1.460283791
3.04810303	1.463459612
3.049005941	1.467396414
3.050011796	1.472310925
3.050816051	1.476518021
3.051654621	1.479047626
3.052626161	1.48405253
3.053531216	1.488414625
3.054369786	1.492047514
3.055206211	1.495695394
3.056145581	1.500294839
3.057217921	1.506632976
3.057987861	1.510240367
3.058927231	1.514676181
3.059697171	1.517901333
3.060501426	1.520787603
3.061337851	1.524406123
3.062343706	1.529813037
3.063248761	1.534757737
3.064286787	1.54055909
3.065226157	1.54569863
3.066030412	1.549269034
3.066868981	1.552930094
3.067840522	1.557405504
3.068745577	1.5617636
3.069582002	1.565931272
3.070354087	1.568218126
3.071291312	1.573344645
3.072196367	1.577940895
3.073067107	1.582134367
3.074006477	1.586968407
3.075010187	1.592929962
3.075949557	1.597353104
3.076955412	1.603020475
3.077691037	1.605833096
3.078396637	1.607739733
3.079166577	1.610816881
3.080037317	1.614581169
3.081077487	1.620436652
3.081980398	1.626453616
3.082885453	1.630214276
3.083790508	1.635215565
3.084729878	1.640266571
3.085667103	1.644987724
3.086505673	1.649009985
3.087410728	1.653632183
3.088347953	1.658677975
3.089388123	1.665412516
3.090291033	1.670936672
3.091163918	1.675321328
3.092034658	1.679533725
3.092939713	1.684315867
3.093977738	1.69070493
3.094781993	1.693630648
3.095586248	1.697396258
3.096289703	1.699748798
3.097162588	1.70398913
3.098065499	1.709289991
3.099071354	1.715591476
3.100010723	1.721309551
3.101014434	1.726443799
3.101919489	1.73248216
3.102758059	1.735906906
3.103562314	1.739038597
3.104332254	1.742297415
3.105237309	1.746605338
3.106142364	1.752090617
3.106980934	1.755509531
3.107918159	1.761177817
3.108823214	1.765945173
3.109794754	1.772423235
3.110734124	1.777709726
3.111872949	1.784843
3.112743689	1.7895005
3.113515774	1.792954633
3.114219229	1.795061564
3.115089969	1.798909896
3.115928539	1.803294524
3.11683145	1.808329996
3.117972419	1.81592403
3.118877474	1.821957611
3.119849015	1.827290176
3.12065327	1.830909574
3.121489695	1.833922579
3.12226178	1.836797001
3.123098205	1.836909798
3.12400326	1.84180493
3.12494263	1.847408868
3.12591417	1.853808725
3.126750595	1.858335511
3.127589165	1.86257357
3.12849422	1.867262452
3.129532245	1.873772716
3.130471615	1.8804762
3.131241555	1.882766846
3.13204581	1.886512675
3.13288438	1.890646704
3.13375512	1.895460786
3.13469449	1.900992355
3.13566603	1.9067515
3.136571085	1.912868861
3.137542626	1.918487881
3.138479851	1.924660675
3.139318421	1.928210137
3.140056191	1.930716567
3.140926931	1.935007572
3.141932786	1.94143857
3.142870011	1.948329856
3.143809381	1.953581651
3.144780921	1.959296926
3.145651661	1.964173694
3.146421601	1.967770012
3.147360971	1.972679418
3.148398996	1.979344481
3.149203251	1.982894871
3.150041821	1.985041301
3.150946876	1.989644139
3.151851931	1.994823428
3.152722671	1.999144244
3.153627726	2.003665698
3.154599267	2.009145266
3.155369207	2.012509513
3.156308577	2.017192241
3.157312287	2.023245825
3.158116542	2.026563827
3.158989427	2.029883094
3.159926652	2.034839269
3.160831707	2.039983953
3.161771077	2.044208312
3.162607502	2.048249971
3.163478242	2.051532632
3.164282497	2.054906632
3.165086752	2.0580012
3.166092607	2.062455721
3.167064147	2.067437583
3.167767602	2.068769742
3.168672657	2.072394798
3.169511227	2.075134219
3.170416282	2.078821669
3.171387823	2.083724744
3.172359363	2.088852691
3.173298732	2.093517512
3.174437558	2.100333027
3.175308298	2.103163449
3.175979583	2.10294054
3.176683038	2.102976041
3.177553778	2.105570911
3.178692603	2.112056392
3.179732773	2.11855451
3.180569198	2.118992949
3.181341283	2.119923392
3.182145538	2.11965672
3.183048448	2.121120449
3.184088618	2.124683888
3.184892873	2.12526518
3.185662813	2.124752284
3.186602183	2.126450446
3.187507238	2.127858347
3.188377978	2.12784394
3.189248719	2.127918583
3.190254574	2.129126134
