1.00888112	3.76976E-05
1.009818346	4.24492E-05
1.010622601	8.49659E-05
1.011527656	0.000127563
1.012432711	0.00011822
1.013438566	0.000118337
1.014442276	0.000132669
1.015315161	0.000156494
1.016085101	0.000189834
1.016788556	0.000246955
1.017659296	0.000204387
1.018532181	0.000228349
1.019435091	0.000228552
1.020507431	0.000247858
1.021380316	0.000291005
1.022418341	0.000224445
1.023289081	0.000234195
1.024194136	0.000287023
1.024998391	0.000272886
1.025836961	0.000287484
1.026774187	0.000302133
1.027647071	0.00030719
1.028549982	0.00033148
1.029422867	0.000360611
1.030293607	0.000336855
1.031198662	0.000341967
1.032204517	0.000327837
1.033040942	0.000381178
1.033845197	0.000328358
1.034617282	0.000236788
1.035421537	0.000391729
1.036324447	0.000290423
1.037330302	0.000683155
1.038402642	0.000276455
1.039307697	0.000533974
1.040380037	0.000456776
1.041351577	0.000389108
1.042123662	0.000603565
1.042859288	0.000414026
1.043732172	0.000536247
1.044804512	0.000483118
1.045675253	0.000507941
1.046545993	0.00051814
1.047384563	0.000513664
1.048220988	0.000474906
1.049059558	0.000514485
1.050097583	0.000544422
1.051036953	0.000535091
1.051740408	0.000584573
1.052578978	0.000604704
1.053449718	0.000600284
1.054386943	0.000645141
1.055326313	0.000630928
1.056297853	0.000616708
1.057370193	0.000666721
1.058174448	0.000696883
1.059079503	0.000682639
1.059915929	0.000663376
1.060621528	0.000728217
1.061492268	0.00069411
1.062530294	0.000729528
1.063536149	0.000725251
1.064574174	0.000716014
1.065378429	0.000731484
1.066182684	0.000727056
1.067021254	0.000787433
1.067926309	0.000803065
1.068998649	0.000788892
1.069736419	0.000799429
1.070540674	0.000810031
1.071411414	0.000850724
1.072247839	0.000866412
1.073120724	0.000822007
1.074025779	0.000842767
1.075029489	0.000893766
1.075968859	0.000929726
1.076974714	0.000850111
1.077811139	0.000896078
1.078548909	0.000916842
1.079353164	0.000952815
1.080258219	0.000983888
1.08143136	0.000934446
1.0823021	0.000980694
1.083207155	0.001006811
1.08404358	0.001017715
1.08488215	0.001008368
1.08582152	0.001034599
1.086758745	0.001005036
1.087496515	0.001051433
1.08843374	0.001087925
1.08937311	0.001109217
1.090177365	0.001089668
1.09101379	0.001121079
1.091886675	0.001137276
1.092858215	0.001158705
1.093930555	0.001159842
1.09473481	0.001119789
1.09560555	0.001141149
1.09634332	0.001172642
1.097179746	0.001224783
1.098018316	0.001230847
1.099024171	0.001196042
1.099929226	0.001315189
1.101068051	0.001249694
1.101973106	0.001224986
1.102743046	0.001282499
1.103613786	0.001268048
1.104518841	0.001284564
1.105391726	0.001280416
1.106228151	0.001302053
1.107098891	0.001323761
1.108003946	0.001386946
1.108943316	0.001372583
1.109880541	0.001404846
1.110785596	0.00141118
1.111757136	0.001396836
1.112829476	0.001444963
1.113734531	0.00147735
1.114405816	0.0014366
1.115141442	0.001458382
1.115980012	0.001480328
1.117018037	0.001466054
1.118225492	0.00152509
1.118963262	0.001536549
1.119799687	0.001527237
1.120603942	0.001559738
1.121508997	0.001581951
1.122414052	0.0015675
1.123218307	0.001621086
1.124089047	0.001617092
1.124994102	0.001618394
1.125965642	0.001640828
1.126804212	0.001663102
1.127674952	0.001653853
1.128614322	0.001718488
1.129551547	0.001672433
1.130591717	0.001668692
1.131428142	0.001706919
1.132200227	0.001702795
1.133004482	0.001735757
1.133875223	0.001790051
1.134745963	0.001807325
1.135783988	0.001819589
1.136689043	0.001826348
1.137694898	0.001774825
1.138565638	0.001802773
1.139438523	0.001841409
1.140341433	0.001832216
1.141145688	0.001934778
1.142050743	0.001872302
1.142822828	0.001921608
1.143794368	0.002019403
1.144665108	0.001972823
1.145570163	0.001990435
1.146475218	0.002029491
1.147446758	0.002009774
1.148553413	0.00203317
1.149389839	0.002082967
1.150127608	0.002030585
1.150865378	0.002139395
1.151736119	0.002184049
1.152606859	0.002153399
1.153578399	0.002203707
1.154650739	0.002184183
1.155489309	0.002218151
1.156460849	0.002252425
1.157400219	0.002238037
1.158204474	0.002234182
1.158940099	0.002241014
1.159845154	0.002307772
1.160784524	0.002293376
1.161721749	0.002382045
1.162661119	0.002356819
1.163531859	0.002396626
1.164436914	0.002436561
1.165341969	0.002460227
1.16644648	0.002446214
1.167218564	0.002502351
1.168022819	0.002504075
1.168859245	0.002544084
1.169697815	0.002540446
1.170568555	0.002591544
1.17147361	0.002566189
1.172479465	0.002650537
1.17331589	0.002652428
1.17425526	0.002725852
1.175192485	0.002689604
1.176031055	0.002697017
1.17673451	0.00281405
1.17757308	0.002832556
1.178578935	0.00284048
1.179481845	0.002903255
1.18045553	0.00287257
1.18135844	0.002902357
1.182231325	0.002976285
1.183102065	0.002995055
1.184140091	0.002953437
1.185145945	0.002955946
1.185883715	0.003007636
1.186720141	0.003048557
1.187593026	0.003050799
1.188429451	0.00306405
1.189302336	0.0030663
1.190306046	0.003146722
1.191378386	0.003166251
1.192216956	0.003174048
1.193122011	0.00318203
1.193958436	0.003195414
1.194696206	0.003242029
1.195601261	0.003266823
1.196607116	0.003303105
1.197512171	0.003249671
1.198483711	0.003252308
1.199287966	0.003338513
1.200124391	0.003380079
1.200962961	0.003354394
1.201868016	0.003429899
1.202906042	0.003449717
1.203710297	0.003435156
1.204514552	0.003521841
1.205419607	0.003479446
1.206290347	0.003527033
1.207195402	0.003569148
1.208166942	0.003639737
1.209106312	0.00361433
1.209977052	0.003616933
1.210982907	0.003642564
1.211853647	0.003724426
1.212625732	0.003794765
1.213462157	0.00380305
1.214401527	0.003817339
1.215540352	0.003809564
1.216310292	0.003851744
1.217183177	0.003882934
1.218053917	0.003914157
1.218958972	0.003928453
1.219896197	0.003971358
1.220801252	0.004031324
1.221504708	0.004039352
1.222375448	0.004047941
1.223314818	0.004096762
1.224219873	0.004111229
1.225024128	0.004171147
1.225929183	0.004202859
1.226967208	0.004131917
1.228005233	0.004158355
1.228878118	0.004230188
1.229748858	0.004261904
1.230486628	0.004339175
1.231323053	0.004370881
1.232195938	0.004368224
1.233199648	0.004417861
1.234072533	0.004513212
1.235110558	0.004465089
1.235981298	0.004479783
1.236753383	0.004488358
1.237624123	0.004560885
1.238595663	0.004564465
1.239532889	0.004625814
1.240270659	0.004628567
1.241109229	0.004701259
1.242014284	0.004756897
1.242919339	0.00478939
1.243856564	0.00482786
1.244795934	0.004796621
1.245767474	0.004771272
1.246805499	0.004868423
1.247777039	0.004924669
1.248480494	0.00495077
1.249218264	0.005000374
1.250056834	0.005009569
1.251028374	0.00511864
1.252201514	0.005111743
1.252937139	0.005138154
1.253842194	0.005130153
1.254715079	0.005227491
1.255585819	0.00527217
1.256490874	0.005328789
1.257295129	0.005302837
1.258131555	0.005329871
1.25903661	0.005374869
1.259941665	0.005396387
1.260812405	0.005453117
1.26168529	0.005486357
1.262622515	0.005531714
1.26362837	0.005536121
1.264634225	0.005570061
1.265537135	0.005644969
1.26630922	0.005672072
1.267113475	0.005717102
1.26801853	0.005667883
1.268854955	0.005790151
1.269794325	0.00574106
1.27063075	0.005643951
1.27170309	0.005731871
1.272676775	0.005771925
1.273513201	0.005668651
1.274285285	0.005737557
1.275121711	0.005866394
1.27606108	0.005715752
1.276897506	0.006011736
1.277836876	0.006004222
1.278673301	0.006061903
1.279546186	0.006137758
1.280451241	0.006136119
1.281454951	0.006218737
1.282527291	0.006253893
1.283400176	0.006360054
1.284204431	0.006430019
1.284974371	0.00645188
1.285879426	0.006480448
1.286750166	0.006484836
1.287655221	0.006525483
1.288693246	0.006524724
1.289531816	0.006559085
1.290469042	0.00656988
1.291341926	0.006664796
1.292178352	0.006681184
1.293051236	0.006740052
1.293921977	0.006798983
1.294827032	0.006761404
1.295764257	0.006838924
1.296669312	0.006873983
1.297574367	0.006921205
1.298511592	0.007017178
1.299450962	0.00706474
1.300488987	0.007100755
1.301261072	0.007196138
1.302031012	0.0071335
1.302869582	0.007192862
1.303706007	0.007300997
1.304578892	0.007318072
1.305516117	0.007353818
1.306487657	0.007334882
1.307326227	0.007382333
1.308332082	0.007485786
1.309202822	0.007539687
1.310007077	0.007581031
1.310777018	0.007652832
1.311647758	0.007602778
1.312687928	0.007713038
1.313558668	0.007804048
1.314463723	0.007809425
1.315368778	0.007827089
1.316239518	0.007887601
1.317078088	0.007954143
1.318116113	0.008083543
1.319154138	0.008077586
1.319958393	0.00807018
1.320831278	0.00829144
1.321702018	0.008278386
1.322572758	0.008098519
1.323411328	0.008258186
1.324417183	0.007992279
1.325455208	0.008103787
1.326325948	0.008505584
1.327196689	0.00843678
1.328035259	0.008566169
1.328773029	0.008471626
1.329577284	0.008532645
1.330514509	0.008768594
1.331453879	0.008818317
1.332391104	0.008675167
1.333229674	0.008724217
1.334100414	0.008792226
1.335005469	0.008798191
1.335944839	0.008891739
1.336982864	0.00896734
1.337787119	0.008960237
1.338625689	0.008997115
1.339528599	0.009065749
1.340367169	0.009071425
1.341306539	0.009159225
1.342278079	0.009228554
1.343249619	0.009216411
1.344186845	0.009430026
1.345126214	0.009386355
1.34596264	0.009398478
1.346668239	0.009428565
1.347403865	0.009540702
1.34830892	0.009540813
1.349415575	0.009580157
1.3503528	0.009662496
1.351257855	0.009624793
1.352096425	0.009725495
1.35300148	0.009769922
1.353938705	0.00982728
1.354910245	0.009865974
1.3556137	0.009972403
1.356518755	0.010004405
1.35742381	0.010068141
1.358228065	0.010074106
1.359066635	0.010093022
1.359937375	0.010245581
1.36094323	0.010291299
1.36201557	0.010312131
1.362851996	0.01039485
1.36372488	0.010388768
1.364494821	0.010471112
1.365333391	0.010528563
1.366204131	0.010624614
1.367209986	0.010638822
1.368080726	0.010747836
1.369153066	0.010724286
1.370058121	0.010827363
1.370894546	0.010930019
1.371799601	0.010943642
1.372771141	0.011021922
1.373676196	0.011035605
1.374413966	0.011080049
1.375218221	0.011182881
1.376088961	0.011234953
1.376927531	0.011325406
1.377832586	0.011313544
1.378838441	0.011405525
1.379809981	0.011413561
1.380813692	0.01156375
1.381787376	0.01159772
1.382490831	0.011642368
1.383226457	0.011726091
1.384030712	0.011784624
1.384970082	0.011844373
1.386008107	0.011917987
1.386880992	0.011938448
1.387783902	0.011965666
1.388688957	0.012077248
1.389660497	0.012131133
1.390533382	0.0122037
1.391337637	0.012230254
1.392208377	0.012335447
1.393145602	0.012441356
1.394050657	0.012436416
1.394889227	0.012509049
1.395794282	0.012601917
1.396731507	0.012669092
1.397771677	0.012724227
1.398708903	0.012745825
1.399513158	0.012753154
1.400250928	0.012838359
1.400988698	0.012910559
1.401925923	0.012965032
1.402830978	0.013052029
1.403903318	0.013121021
1.404842688	0.013175732
1.405880713	0.013316796
1.406719283	0.013397014
1.407523538	0.013424395
1.408394278	0.013445857
1.409230703	0.013519663
1.410204388	0.013601458
1.411075128	0.013721898
1.412012353	0.013724417
1.412850923	0.013805157
1.413721663	0.013932521
1.414525918	0.013960267
1.415465288	0.014062096
1.416569799	0.014006905
1.417442683	0.01408174
1.418178309	0.014208279
1.418950394	0.014275662
1.419855449	0.014317926
1.420792674	0.014440191
1.421732044	0.014496222
1.422770069	0.014486869
1.423608639	0.014668289
1.424545864	0.014717868
1.425485234	0.014787495
1.426355974	0.014889797
1.427160229	0.014938188
1.428030969	0.015000662
1.428901709	0.015069874
1.429774594	0.015192607
1.430677504	0.015295753
1.431516074	0.015351522
1.432386815	0.015407692
1.43329187	0.015497761
1.43436421	0.015609849
1.435303579	0.015666999
1.43607352	0.015708941
1.43691209	0.015785228
1.437748515	0.015895146
1.43865357	0.016019384
1.43959294	0.016029844
1.44059665	0.016108306
1.44143522	0.016259066
1.44240676	0.016357607
1.443311815	0.016475731
1.44411607	0.016430952
1.44488601	0.016513947
1.445758895	0.016706247
1.446863405	0.016732526
1.44773629	0.01684405
1.4486392	0.016908685
1.44947777	0.017013254
1.450382825	0.017125492
1.451221395	0.017203176
1.452192935	0.01728252
1.453164476	0.01730087
1.453902245	0.017438678
1.454738671	0.017509862
1.455609411	0.017615525
1.456447981	0.0176937
1.457353036	0.017765957
1.458391061	0.017948904
1.459463401	0.018125704
1.460235486	0.018060269
1.461106226	0.018193878
1.461976966	0.018238863
1.462781221	0.018269393
1.463651961	0.018444339
1.464591331	0.01849038
1.465496386	0.018501806
1.466467926	0.01865791
1.467372981	0.018737962
1.468278036	0.018824957
1.469114462	0.018918022
1.469987346	0.019059714
1.471025372	0.019148752
1.471795312	0.019227517
1.472633882	0.019321012
1.473571107	0.019395252
1.474443992	0.019461834
1.475415532	0.019619374
1.476387072	0.019694355
1.477292127	0.019816829
1.478162867	0.019828509
1.479102237	0.019903286
1.479872177	0.020086448
1.480676432	0.020111196
1.481480687	0.020205155
1.482452227	0.02037766
1.483625367	0.020456152
1.484463937	0.020557849
1.485268192	0.020568987
1.486104617	0.020629159
1.486943187	0.020738031
1.487779613	0.020819186
1.488684668	0.020901383
1.489488923	0.020989202
1.490428293	0.021120782
1.491365518	0.021203721
1.492238403	0.021313709
1.493074828	0.021325655
1.493979883	0.021478141
1.494985738	0.021639238
1.496090248	0.021676188
1.496862333	0.02176428
1.497767388	0.021847396
1.498503013	0.021942116
1.499341583	0.022143475
1.500180153	0.022134839
1.501183863	0.022289881
1.502088918	0.022401541
1.503262058	0.02254542
1.504233599	0.022637275
1.505037854	0.022712645
1.505842109	0.022689615
1.506714993	0.022864629
1.507585734	0.02305388
1.508422159	0.023045534
1.509260729	0.023142938
1.510165784	0.023192084
1.511036524	0.023276032
1.511907264	0.023487172
1.512846634	0.023593624
1.513818174	0.023573423
1.514789714	0.023744205
1.515761254	0.02385147
1.516499024	0.023997659
1.517303279	0.024095428
1.518141849	0.024137108
1.519113389	0.024273176
1.520286529	0.024419736
1.521056469	0.024545773
1.52192721	0.024645127
1.522765779	0.024672931
1.52363652	0.024743971
1.52450726	0.024936125
1.525279345	0.024991499
1.5261844	0.025013457
1.52715594	0.025229101
1.528161795	0.025331369
1.52899822	0.025430933
1.52983679	0.025559207
1.530741845	0.025652974
1.53177987	0.025698988
1.532785725	0.025801774
1.533555665	0.02595799
1.534293435	0.02606364
1.535063375	0.026098228
1.53596843	0.02619253
1.5369078	0.026309048
1.53801231	0.026421342
1.53895168	0.026530923
1.53992322	0.026641175
1.540727475	0.026755837
1.541531731	0.026841804
1.5423703	0.026928446
1.543174556	0.027043395
1.544146096	0.027175817
1.545051151	0.027328859
1.546022691	0.027338823
1.546859116	0.027498112
1.547798486	0.027565416
1.548669226	0.027747292
1.549608596	0.027822024
1.550580136	0.027926376
1.551384391	0.027998829
1.552188646	0.028107592
1.552958586	0.028215829
1.553863641	0.028217757
1.554768696	0.028335859
1.555705921	0.028541863
1.556746091	0.028684555
1.557582517	0.028765443
1.558622686	0.028828332
1.559559912	0.028962215
1.560398482	0.02916728
1.561136252	0.029210237
1.561972677	0.029306138
1.562912047	0.029309163
1.563849272	0.029487433
1.564788642	0.029658628
1.565693697	0.029785476
1.566530122	0.029816022
1.567368692	0.029919831
1.568374547	0.030056239
1.569245287	0.030109573
1.570049542	0.030235004
1.570920282	0.030288458
1.571724537	0.030392058
1.572629592	0.030527084
1.573534647	0.030588749
1.574572672	0.030748661
1.575477727	0.030876714
1.576515753	0.031022237
1.577388637	0.031216234
1.578192893	0.031276378
1.578896348	0.031290319
1.579732773	0.031447086
1.580772943	0.031608076
1.581710168	0.031656367
1.582649538	0.031837793
1.583554593	0.031907774
1.584425333	0.032014124
1.585330388	0.032143481
1.586368413	0.032238622
1.587239153	0.032389761
1.587976923	0.032523488
1.588881978	0.032608816
1.589787033	0.032694219
1.590657773	0.032838428
1.591496343	0.033004408
1.592467883	0.033128687
1.593574538	0.033144266
1.594378793	0.033287591
1.595249534	0.033424986
1.596154589	0.033570687
1.596890214	0.033660745
1.597694469	0.033722472
1.598633839	0.033891635
1.599538894	0.034022887
1.600510434	0.034215489
1.601415489	0.034234837
1.602320544	0.034329025
1.603156969	0.034519167
1.603995539	0.034679567
1.604932764	0.034729815
1.605805649	0.034786206
1.606642074	0.034976921
1.607581444	0.035200102
1.608486499	0.03530256
1.609423724	0.035308095
1.610496065	0.035482064
1.611467605	0.035676583
1.612306175	0.0358307
1.613144744	0.035887008
1.613914685	0.035949365
1.614684625	0.035996682
1.61548888	0.036233431
1.616393935	0.036329228
1.61750059	0.036406984
1.618405645	0.036540742
1.6193107	0.0366595
1.62018144	0.036830561
1.621086495	0.036904136
1.62199155	0.037008074
1.62286229	0.0371568
1.62360006	0.037241943
1.624537285	0.037369669
1.62554314	0.037529471
1.626379565	0.037617149
1.62715165	0.037794606
1.62802239	0.03798212
1.629028245	0.038074065
1.630066271	0.038189689
1.630870526	0.038322791
1.631741266	0.038335631
1.632545521	0.038499404
1.633484891	0.038651259
1.634422116	0.038757408
1.635427971	0.038880562
1.636266541	0.039129774
1.637272396	0.039192065
1.638175306	0.039320798
1.638979561	0.039531483
1.639783816	0.039527904
1.640622386	0.039663062
1.641527441	0.039853618
1.642432496	0.039929291
1.643337551	0.040104805
1.644208291	0.040179812
1.645079031	0.040308662
1.645984086	0.040530724
1.646955627	0.040646957
1.647927167	0.040747905
1.648866537	0.040848146
1.649838077	0.040910744
1.650575847	0.041168029
1.651380102	0.041288359
1.652216527	0.041394159
1.653121582	0.041509489
1.654228237	0.041653173
1.655032492	0.041882139
1.655937547	0.042036528
1.656808287	0.042105063
1.657713342	0.042097092
1.658650567	0.042283581
1.659489137	0.042475481
1.660394192	0.042545178
1.661299247	0.042669241
1.662169987	0.042753714
1.663040727	0.042962533
1.663879297	0.043147398
1.664784352	0.043240849
1.665755893	0.043413909
1.666727433	0.043540432
1.667598173	0.04369559
1.668335943	0.043800637
1.669140198	0.043938693
1.670045253	0.04400932
1.670950308	0.044212674
1.671988333	0.044341662
1.672859073	0.044411635
1.673864928	0.044672883
1.674703498	0.044742195
1.675507753	0.044873244
1.676378493	0.044990522
1.677182748	0.045137445
1.678119973	0.045264563
1.679025028	0.045437978
1.679964398	0.045518325
1.680768653	0.045657872
1.681639393	0.045830761
1.682578763	0.045919233
1.683550303	0.046126605
1.684622644	0.046274011
1.685527699	0.046440579
1.686297639	0.046501174
1.687101894	0.046673071
1.688039119	0.046777843
1.688944174	0.046889697
1.689915714	0.047113998
1.690921569	0.047197325
1.691792309	0.047474489
1.692697364	0.047484075
1.693602419	0.047636029
1.694440989	0.047825815
1.695178759	0.047933733
1.696015184	0.048004914
1.696885924	0.048148445
1.697859609	0.048350537
1.698730349	0.048526085
1.699601089	0.048598589
1.700439659	0.048670221
1.701344714	0.048855055
1.702449225	0.049149176
1.70335428	0.049270776
1.704158535	0.049373636
1.705029275	0.049430718
1.705867845	0.049598446
1.706738585	0.049942631
1.707609325	0.050063819
1.70858301	0.050180149
1.709419435	0.050396336
1.710358805	0.050543859
1.71129603	0.050723422
1.712201085	0.050806228
1.71300534	0.050942106
1.71387608	0.051024036
1.71494842	0.051168101
1.715853475	0.051339362
1.716692045	0.051516798
1.7175971	0.051664294
1.718502155	0.05180389
1.71930641	0.051964651
1.720310121	0.052123549
1.721315976	0.052266582
1.722085916	0.052466915
1.722924486	0.052564889
1.723795226	0.05262366
1.724633796	0.052858697
1.725504536	0.052965978
1.726476076	0.053197397
1.727548416	0.053375679
1.728320501	0.053488331
1.729156926	0.053586904
1.729995496	0.053782578
1.730765436	0.053903521
1.731670491	0.054053031
1.732676346	0.054270563
1.733613572	0.054437571
1.734619427	0.054712214
1.735524482	0.054732654
1.736429537	0.054866632
1.737268106	0.055063528
1.738205332	0.055336794
1.739211187	0.055466296
1.739914642	0.055529364
1.740718897	0.055693248
1.741623952	0.055917436
1.742460377	0.056033815
1.743365432	0.056193203
1.744336972	0.056354875
1.745276342	0.056580865
1.746147082	0.056772208
1.747152937	0.056910998
1.748057992	0.05703029
1.748795762	0.057078864
1.749600017	0.057366614
1.750502927	0.057551565
1.751609582	0.057710668
1.752448152	0.057844704
1.753318892	0.057922581
1.754123148	0.058129396
1.754993888	0.058412361
1.755898943	0.058491692
1.756904798	0.058722143
1.757674738	0.05887923
1.758579793	0.05910668
1.759484848	0.059227498
1.760355588	0.05938014
1.761194158	0.059572948
1.762099213	0.059776397
1.763102923	0.05995044
1.764175263	0.060019863
1.765013833	0.060279221
1.765918888	0.060433852
1.766656658	0.060599376
1.767493083	0.060784921
1.768398138	0.060939941
1.769438308	0.061116283
1.770309048	0.061410954
1.771381388	0.061497795
1.772252129	0.061768077
1.773022069	0.061869444
1.773860639	0.062014698
1.774800009	0.062188462
1.775737234	0.062354005
1.776575804	0.062474728
1.777480859	0.06272241
1.778351599	0.062886034
1.779188024	0.063040263
1.780026594	0.063252883
1.780830849	0.063447817
1.781770219	0.063589473
1.782673129	0.063804877
1.783713299	0.063842107
1.784451069	0.064051875
1.785255324	0.064289204
1.786126064	0.064362273
1.787097604	0.064656039
1.78823643	0.064880993
1.788974199	0.064991319
1.789879255	0.065266639
1.79078431	0.065391648
1.79178802	0.065587308
1.792761705	0.065782046
1.79359813	0.06593002
1.7944367	0.066170377
1.795373925	0.066339108
1.796313295	0.066432549
1.79714972	0.066715301
1.797953975	0.066988692
1.79885903	0.067064422
1.7998992	0.067321779
1.80087074	0.067459053
1.801707165	0.067717597
1.802412765	0.067861977
1.80311622	0.067989525
1.804021275	0.068065782
1.804924186	0.068335897
1.805964355	0.068552416
1.80686941	0.068688044
1.807873121	0.068895081
1.808778176	0.069149226
1.809683231	0.069403592
1.810521801	0.06951186
1.811326056	0.069669641
1.812231111	0.069899134
1.813101851	0.070025872
1.814039076	0.070163744
1.814911961	0.070367044
1.815817016	0.070622645
1.816687756	0.070758333
1.817693611	0.07091637
1.818765951	0.071221549
1.819636691	0.071332138
1.820340146	0.071572272
1.821110086	0.071679097
1.822015141	0.071884922
1.822920196	0.072065374
1.823859566	0.072264366
1.824863277	0.072525743
1.825701847	0.072738145
1.826639072	0.072886397
1.827544127	0.073024942
1.828449182	0.07329169
1.829221267	0.073390989
1.830057692	0.07356131
1.830997062	0.07377011
1.831934287	0.074013226
1.832839342	0.074315172
1.833710082	0.074478949
1.834548652	0.074590126
1.835453707	0.074824101
1.836558217	0.075066422
1.837362472	0.075210858
1.838100242	0.075438519
1.838938812	0.075576005
1.839809552	0.075783655
1.840748922	0.076131862
1.841720462	0.076309679
1.842758488	0.076533435
1.843629228	0.076767653
1.844568598	0.076970462
1.845439338	0.077153328
1.846277908	0.077343608
1.847047848	0.077488014
1.847852103	0.077754786
1.848823643	0.077951102
1.849728698	0.078196611
1.850633753	0.078364529
1.851538808	0.078584461
1.852409548	0.078846372
1.853314603	0.079092646
1.854386943	0.079285652
1.855358483	0.079509174
1.856061938	0.079756048
1.856866193	0.079877336
1.857771248	0.080011717
1.858676303	0.080302456
1.859547044	0.080513784
1.860518584	0.080790478
1.861558754	0.0810791
1.862363009	0.081157622
1.863300234	0.081398632
1.864170974	0.081680467
1.864975229	0.081916053
1.865813799	0.082196897
1.866753169	0.082377786
1.867690394	0.08261106
1.868728419	0.082962464
1.869601304	0.083123469
1.870405559	0.083299005
1.871209814	0.08354458
1.872080554	0.083802055
1.873152894	0.084156271
1.873957149	0.084192405
1.874761404	0.084464963
1.87569863	0.084752492
1.876571514	0.084932172
1.877442254	0.085164499
1.87837948	0.085478988
1.87931885	0.085618291
1.880223905	0.085870291
1.88116113	0.086123967
1.8819997	0.086294213
1.88276964	0.086549364
1.883541725	0.086716818
1.884412465	0.086976945
1.88551912	0.087248192
1.886456345	0.087494215
1.887395715	0.087784617
1.888266455	0.088089703
1.88917151	0.088220162
1.890108735	0.088458148
1.891080275	0.088706769
1.891818045	0.088944607
1.8927231	0.089172807
1.893660326	0.089464616
1.89453321	0.089700529
1.895403951	0.090042754
1.896309006	0.09029832
1.89731486	0.09046142
1.898286401	0.090711668
1.899056341	0.091041169
1.899860596	0.091195083
1.900630536	0.091418465
1.901469106	0.091636423
1.902374161	0.091866635
1.903412186	0.092245702
1.904285071	0.092572625
1.905357411	0.09282944
1.906228151	0.093076642
1.907032406	0.093338592
1.907937461	0.093578941
1.908874686	0.093803225
1.909745426	0.09414929
1.910483196	0.094265971
1.911287451	0.094519904
1.912226821	0.094807509
1.913164047	0.095148859
1.914034787	0.095496121
1.914939842	0.095702271
1.915911382	0.096064029
1.916885067	0.096336681
1.917957407	0.096713069
1.918693032	0.096956282
1.919430802	0.097119075
1.920269372	0.097349854
1.921273082	0.097750713
1.922480537	0.098279073
1.923183992	0.098494687
1.923988247	0.098643713
1.924826817	0.098884494
1.925764042	0.099175499
1.926669097	0.099636059
1.927473352	0.099794685
1.928311922	0.099937175
1.929249147	0.100391241
1.930220688	0.100775371
1.931093572	0.101055453
1.931964313	0.101371729
1.932869368	0.101671998
1.933873078	0.102004805
1.934913248	0.102448279
1.935717503	0.102671686
1.936420958	0.102907976
1.937158728	0.103073854
1.938063783	0.103465993
1.938934523	0.103847558
1.939972548	0.104265596
1.940911918	0.104606178
1.941984258	0.10502679
1.942889313	0.105438725
1.943725738	0.10572016
1.944596478	0.105958256
1.945435048	0.106276545
1.946374418	0.106564227
1.947178673	0.106962954
1.948115899	0.107278311
1.948986639	0.107617562
1.949859523	0.108020943
1.950796749	0.108409994
1.951834774	0.108850571
1.952874944	0.109246068
1.953745684	0.109586791
1.954483454	0.109829007
1.955221224	0.110043978
1.956057649	0.110346867
1.956928389	0.110734178
1.957934244	0.111312357
1.959006584	0.111602071
1.959810839	0.112068959
1.960649409	0.112336695
1.961485834	0.112668626
1.962358719	0.113131218
1.963128659	0.113276466
1.963999399	0.113510175
1.964938769	0.114004995
1.965875995	0.114472564
1.966916164	0.114992478
1.96785339	0.115433306
1.96869196	0.115693985
1.9695627	0.116214318
1.970600725	0.116763385
1.97140498	0.117087276
1.972209235	0.117328487
1.97301349	0.117652794
1.97385206	0.117988597
1.9747228	0.118428028
1.97566217	0.118890385
1.976700195	0.119423713
1.977570935	0.119882733
1.978510305	0.120364768
1.97944753	0.120736129
1.9802861	0.121194249
1.98105604	0.121500452
1.981860296	0.121762683
1.982866151	0.122370904
1.98380552	0.122855102
1.984710575	0.123337572
1.985613486	0.12384812
1.986518541	0.124322101
1.987357111	0.124773724
1.988362966	0.125319803
1.989334506	0.12580845
1.990072276	0.12609678
1.990876531	0.126473198
1.991747271	0.126891325
1.992618011	0.127374919
1.993557381	0.127956401
1.994561091	0.128467994
1.995633431	0.12915225
1.996437686	0.12963324
1.997409226	0.130190779
1.998314281	0.130576445
1.999118536	0.130899779
1.999991421	0.131358615
2.000962961	0.131936451
2.001833702	0.132433314
2.002738757	0.132904775
2.003575182	0.133334606
2.004480237	0.133872316
2.005284492	0.134422434
2.006189547	0.134811065
2.007229717	0.135237219
2.007999657	0.135758034
2.008769597	0.136194766
2.009642482	0.136695112
2.010478907	0.137080668
2.011349647	0.137637943
2.012289017	0.138294351
2.013294872	0.138965304
2.014332897	0.139704947
2.015370922	0.140275841
2.016243807	0.140609698
2.016912947	0.140957816
2.017650717	0.141197855
2.018555772	0.141826878
2.019660283	0.14253651
2.020498853	0.143218545
2.021403908	0.143717003
2.022242478	0.144211108
2.023113218	0.14476457
2.024018273	0.145264198
2.025021983	0.145894274
2.025794068	0.146281066
2.026664808	0.146750979
2.027636348	0.147380088
2.028507088	0.147983429
2.029311343	0.148459148
2.030184228	0.149016091
2.031121453	0.149663578
2.032193793	0.150558888
2.032998048	0.150931826
2.033903103	0.151426508
2.034673044	0.151825953
2.035545928	0.152385475
2.036450983	0.153052465
2.037523323	0.153799227
2.038460549	0.154450757
2.039432089	0.15517211
2.040302829	0.155800612
2.041074914	0.156231367
2.041945654	0.156774884
2.042917194	0.15737428
2.043822249	0.158016766
2.044592189	0.158544229
2.045396444	0.158950519
2.046301499	0.159479621
2.047140069	0.160137795
2.048010809	0.160712889
2.048982349	0.161506895
2.050022519	0.162402765
2.051127029	0.163132139
2.052032084	0.16393254
2.052703369	0.164206682
2.053438995	0.164553259
2.05424325	0.165078258
2.05518262	0.165739295
2.05625496	0.166728567
2.05709353	0.167401871
2.05796427	0.167914889
2.05883501	0.168649455
2.059740065	0.169320061
2.06067729	0.169974596
2.06151586	0.170525203
2.06235443	0.171047303
2.063291655	0.171780354
2.06419671	0.172598083
2.06506745	0.173124221
2.065940335	0.17367987
2.066911875	0.174572478
2.067883415	0.175601067
2.068955755	0.176455545
2.06986081	0.177141801
2.070564265	0.177540489
2.071334206	0.178003167
2.072239261	0.178787499
2.073110001	0.179298355
2.074150171	0.180143963
2.075055226	0.181075464
2.076026766	0.181877786
2.076863191	0.182484588
2.077701761	0.182936739
2.078572501	0.183498827
2.079411071	0.184165309
2.080348296	0.184996503
2.081221181	0.185647651
2.082192721	0.186453988
2.083029146	0.187161288
2.083867716	0.187840089
2.084738456	0.188687818
2.085744311	0.189460791
2.086883136	0.190568203
2.087788191	0.191557736
2.088525961	0.191947339
2.089229416	0.192275462
2.090067986	0.192840743
2.090904412	0.193572239
2.091875952	0.194521991
2.092982607	0.195846864
2.093821177	0.196541449
2.094724087	0.197350208
2.095596972	0.197990358
2.096467712	0.198650352
2.097237652	0.199173906
2.098110537	0.199903582
2.099013447	0.200871959
2.099952817	0.201805368
2.100890042	0.202709886
2.101795097	0.203562929
2.102667982	0.204334937
2.103538722	0.205028706
2.104611062	0.206017929
2.105481802	0.207037405
2.106286057	0.20752968
2.107090312	0.208169894
2.107961053	0.208886042
2.108799623	0.209530567
2.109670363	0.210365963
2.110710533	0.211751292
2.111647758	0.212762566
2.112685783	0.213755252
2.113590838	0.214626709
2.114429408	0.215284664
2.115167178	0.215754956
2.116037918	0.216594913
2.117144573	0.217766267
2.118015313	0.218795631
2.118886053	0.219716905
2.119724623	0.2204375
2.120528878	0.220996548
2.121298818	0.221582096
2.122270358	0.222486493
2.123310528	0.223825293
2.124146953	0.224607954
2.125017694	0.225404726
2.125890578	0.22627181
2.126761319	0.227169101
2.127666374	0.228219796
2.128672229	0.229341814
2.129744569	0.230780355
2.130548824	0.231434722
2.131419564	0.232166444
2.132255989	0.232894938
2.133028074	0.233547147
2.133933129	0.234533304
2.134936839	0.23578039
2.135876209	0.236851812
2.136746949	0.237876523
2.137585519	0.238558937
2.138421944	0.239391393
2.139294829	0.240328441
2.140199884	0.24113985
2.141272224	0.242400817
2.142042164	0.243288367
2.142846419	0.243780057
2.14371716	0.244750221
2.14455573	0.245547124
2.14542647	0.246548682
2.146331525	0.247564956
2.14733738	0.248724053
2.148242435	0.249691793
2.149314775	0.251141559
2.150217685	0.252110764
2.150955455	0.252669452
2.151693225	0.253228464
2.15263045	0.254183327
2.15387222	0.256060297
2.154676475	0.257273
2.1555129	0.257976939
2.156317155	0.258758059
2.157187895	0.259809655
2.15816158	0.26093494
2.15916529	0.262145458
2.159868746	0.26274536
2.160773801	0.263602293
2.161646685	0.264738616
2.162549596	0.265818859
2.163353851	0.266685652
2.164258906	0.267686782
2.165230446	0.268980076
2.166236301	0.270379882
2.167074871	0.271071612
2.167911296	0.271955916
2.168683381	0.27264027
2.169519806	0.273495281
2.170392691	0.274487262
2.171329916	0.275701092
2.172200656	0.276755206
2.173272996	0.278323084
2.174278851	0.279812729
2.175117421	0.280702916
2.175988161	0.281425092
2.176959701	0.282628547
2.177999871	0.284269166
2.178735497	0.284955401
2.179574067	0.285665707
2.180511292	0.286827368
2.181416347	0.288158884
2.182289232	0.289191546
2.183192142	0.290086175
2.184097197	0.291308172
2.185068737	0.292029691
2.186042422	0.29319107
2.186778047	0.293728926
2.187515817	0.294022152
2.188354387	0.294932115
2.189325927	0.296187882
2.190398267	0.297959641
2.191136037	0.298622879
2.191972462	0.299351158
2.192843202	0.300330412
2.193816887	0.301529423
2.194788427	0.302677829
2.195725653	0.303883918
2.196529908	0.304754418
2.197334163	0.305574159
2.198239218	0.306808894
2.199077788	0.307716821
2.199948528	0.308855922
2.200885753	0.310200507
2.201859438	0.311602705
2.202897463	0.31317979
2.203736033	0.313906295
2.204540288	0.314659256
2.205275913	0.315196862
2.206180968	0.316305142
2.207051708	0.317378365
2.208124048	0.319017716
2.209063418	0.320484441
2.210135758	0.322033606
2.211040813	0.323291138
2.211845068	0.323863293
2.212649323	0.324477117
2.213485749	0.325426861
2.214390804	0.32655283
2.215195059	0.327602621
2.216166599	0.328729654
2.217005169	0.329962026
2.217910224	0.33099798
2.218847449	0.332340028
2.219786819	0.333641942
2.220859159	0.335276085
2.221764214	0.336388177
2.222534154	0.337075696
2.223271924	0.337457579
2.224142664	0.338618189
2.224946919	0.339634354
2.225886289	0.340682241
2.226990799	0.342733988
2.227863684	0.344033765
2.228800909	0.345323605
2.229639479	0.346036715
2.230510219	0.346859445
2.23138096	0.347859889
2.232219529	0.348855981
2.233156755	0.350170661
2.234096125	0.351371877
2.23503335	0.352824181
2.235906235	0.353943644
2.236809145	0.355131324
2.23768203	0.356231454
2.23865357	0.357348082
2.239489995	0.358454379
2.24029425	0.35908537
2.241066335	0.35978483
2.24190276	0.360599745
2.24274133	0.36150979
2.2435799	0.362724309
2.24455144	0.36437006
2.245456495	0.36581748
2.24649452	0.367266703
2.247500375	0.36896377
2.248371115	0.369925833
2.249141056	0.370504231
2.25001394	0.371530793
2.25108628	0.373484759
2.251991335	0.375054904
2.252928561	0.376252749
2.253867931	0.377704472
2.254738671	0.379103609
2.255542926	0.379860398
2.256580951	0.381321075
2.257520321	0.38274512
2.258223776	0.383180811
2.259060201	0.384103543
2.259933086	0.385328619
2.260803826	0.386585839
2.261741051	0.387929261
2.262746906	0.389644806
2.263718446	0.391334643
2.264490531	0.392123876
2.265462071	0.393477219
2.266332811	0.394750505
2.267102752	0.395361118
2.267941322	0.396397161
2.268846377	0.397540883
2.269751432	0.398939823
2.270688657	0.400451482
2.271628027	0.401985853
2.272533082	0.403366661
2.273403822	0.404434399
2.274308877	0.405700162
2.275314732	0.407324909
2.276050357	0.408115709
2.276854612	0.408706569
2.277759667	0.410060573
2.278598237	0.411062953
2.279468977	0.41218889
2.280374032	0.41356676
2.281379887	0.415368843
2.282250627	0.416657311
2.283288652	0.41845717
2.284193708	0.419593902
2.284965792	0.420258678
2.285701418	0.42074628
2.286574302	0.421793393
2.287678813	0.423770863
2.288549553	0.425482088
2.289454608	0.426548598
2.290359663	0.42796884
2.291264718	0.429293755
2.292236258	0.430760549
2.293141313	0.432098085
2.293879083	0.432612095
2.294816308	0.433914286
2.295822163	0.435788009
2.296660733	0.436912619
2.297497158	0.437919484
2.298402213	0.439380216
2.299442383	0.441372649
2.300379608	0.443110488
2.301183863	0.443684586
2.302054604	0.444841677
2.302758059	0.445375565
2.303530143	0.446181201
2.304400884	0.447329309
2.305406739	0.449290501
2.306378279	0.451128022
2.307484934	0.453715557
2.308387844	0.455359422
2.309192099	0.456165206
2.310097154	0.457271917
2.311068694	0.459029408
2.311941579	0.46023943
2.312711519	0.461202854
2.313550089	0.462169721
2.314420829	0.463565196
2.315291569	0.464712866
2.316196624	0.46624681
2.317135994	0.467756271
2.318107534	0.46976054
2.319145559	0.471368231
2.3201171	0.473071985
2.320788384	0.473295578
2.32152401	0.473835954
2.32236258	0.474842337
2.32330195	0.476271474
2.32440646	0.478701794
2.325210715	0.479823141
2.326049285	0.480897924
2.32688571	0.481994649
2.327790765	0.48332373
2.328762305	0.48490683
2.329600875	0.486049842
2.330471615	0.487309125
2.331443155	0.488917024
2.332382525	0.490726311
2.333253265	0.491966614
2.334124005	0.493218609
2.33502906	0.494729511
2.336000601	0.496353757
2.336974285	0.498350761
2.337845025	0.499115172
2.33854848	0.499702263
2.339318421	0.50046773
2.340257791	0.502100615
2.341162846	0.503716331
2.342166556	0.505606043
2.343039441	0.50697639
2.344010981	0.508774098
2.344881721	0.51038689
2.345821091	0.511654149
2.346691831	0.512797652
2.347461771	0.513536044
2.348401141	0.514926163
2.349237566	0.516371415
2.350176936	0.517664615
2.351047676	0.519152177
2.351918416	0.520442965
2.352823471	0.521885038
2.353795011	0.52348577
2.354867352	0.525682065
2.355772407	0.52699542
2.356510177	0.527677772
2.357280117	0.528136444
2.358153001	0.529345321
2.359023742	0.530708723
2.359960967	0.532506839
2.361033307	0.534965375
2.361906192	0.536100856
2.362909902	0.538116586
2.363814957	0.539636542
2.364685697	0.540740995
2.365457782	0.541425776
2.366328522	0.542619798
2.367233577	0.544297873
2.368170802	0.545696901
2.369043687	0.547413962
2.369880112	0.548592379
2.370752997	0.549746726
2.371623737	0.55096774
2.372661762	0.552727128
2.373532503	0.554204873
2.374304587	0.554884187
2.375108843	0.555671191
2.375945268	0.556776861
2.376818153	0.558147063
2.377755378	0.559855331
2.378827718	0.56240776
2.379767088	0.564497204
2.380738628	0.566117629
2.381609368	0.567203464
2.382413623	0.567817853
2.383151393	0.568227443
2.383987818	0.569206321
2.384993673	0.5712511
2.385933043	0.573259139
2.386870268	0.57495591
2.387809638	0.576732424
2.388680378	0.578192302
2.389551118	0.579418712
2.390657773	0.58160762
2.391663628	0.583874239
2.392367083	0.584291802
2.393171338	0.58487945
2.393975594	0.586071167
2.394812019	0.586991803
2.395684904	0.588458987
2.396656444	0.590477491
2.397728784	0.59298151
2.398533039	0.593807771
2.399470264	0.595317426
2.400375319	0.596786447
2.401213889	0.597791226
2.402018144	0.598731912
2.402888884	0.599981489
2.403793939	0.601543539
2.404765479	0.603325445
2.405670534	0.605316595
2.406541274	0.606558556
2.407412014	0.607722546
2.40831707	0.609120867
2.40938941	0.611327702
2.410193665	0.612871385
2.410965749	0.612966365
2.411802175	0.614147794
2.412640745	0.615555818
2.413612285	0.617348136
2.41461814	0.619770786
2.415523195	0.621661577
2.41646042	0.622794423
2.417365475	0.624484199
2.418204045	0.625265566
2.4190083	0.626287011
2.419743925	0.626646995
2.42061681	0.628048873
2.42168915	0.63075897
2.42259206	0.633076148
2.423497115	0.634229535
2.42430137	0.635402482
2.425206425	0.636817749
2.426145795	0.63853755
2.427149506	0.640411503
2.42792159	0.641386349
2.428792331	0.642342401
2.429731701	0.644383913
2.430602441	0.646033921
2.431473181	0.647321531
2.432412551	0.649014476
2.433450576	0.651246385
2.434522916	0.653966754
2.435327171	0.654569535
2.436165741	0.655648324
2.436901366	0.656085327
2.437705621	0.657030549
2.438578506	0.658382027
2.439550046	0.660490229
2.440420786	0.662059601
2.441527441	0.665176533
2.442498981	0.667357802
2.443303236	0.668205205
2.444107491	0.66895028
2.445044717	0.670325968
2.445915457	0.671878467
2.446687542	0.672867643
2.447558282	0.673907336
2.448529822	0.67641637
2.449469192	0.678197497
2.450339932	0.679949303
2.451244987	0.681253762
2.452182212	0.683358241
2.453121582	0.684926212
2.454093122	0.686859515
2.454762262	0.687127055
2.455500032	0.687551478
2.456338602	0.688681164
2.457275827	0.690527791
2.458348167	0.693389674
2.459152422	0.694948894
2.460057477	0.69626176
2.460928218	0.697715104
2.461833273	0.699064062
2.462706157	0.700082601
2.463542583	0.701413493
2.464447638	0.703156062
2.465453493	0.705285521
2.466491518	0.708082366
2.467330088	0.709417902
2.468134343	0.710110263
2.469005083	0.711260283
2.470010938	0.713349773
2.471016793	0.715844678
2.471853218	0.716502619
2.472590988	0.716820411
2.473328758	0.717392414
2.474199498	0.718950833
2.475104553	0.720716689
2.476142578	0.723332019
2.477081948	0.725260901
2.478186458	0.728038168
2.479125828	0.730155242
2.480030883	0.731209479
2.480901624	0.732370039
2.481772364	0.733751474
2.482844704	0.73631827
2.483616789	0.737637666
2.484554014	0.739262162
2.485291784	0.739934396
2.486096039	0.740707988
2.486932464	0.741898069
2.487837519	0.743585701
2.488843374	0.745909033
2.489714114	0.74713518
2.490486199	0.74773911
2.491221824	0.748204324
2.492094709	0.749630469
2.492999764	0.751381512
2.493971304	0.753561409
2.495043644	0.756099611
2.495880069	0.757320658
2.49685161	0.75957468
2.497825294	0.76131755
2.498728205	0.762596443
2.49950029	0.76310059
2.50037103	0.76421896
2.501276085	0.765990975
2.502146825	0.767309444
2.50305188	0.768943149
2.503956935	0.770414101
2.504827675	0.771688152
2.505666245	0.772859353
2.50670427	0.774607915
2.50767581	0.776594754
2.508480065	0.777171881
2.50925215	0.777879887
2.510088575	0.778842617
2.51099363	0.780272799
2.511898685	0.781844598
2.512870225	0.783766688
2.513708795	0.784850096
2.514680335	0.786480663
2.515617561	0.787690265
2.516456131	0.788517013
2.517226071	0.788887599
2.518064641	0.789879595
2.519070496	0.791924698
2.519941236	0.793481356
2.520811976	0.794520845
2.521684861	0.79604444
2.522555601	0.797309015
2.523426341	0.798562486
2.524432196	0.800543316
2.525504536	0.802865087
2.526340961	0.803484984
2.527246016	0.805000451
2.528118901	0.80628218
2.528923156	0.807022965
2.529793896	0.807938894
2.530765436	0.809478505
2.531803462	0.811879955
2.532607717	0.812362611
2.533480601	0.813364421
2.534351341	0.814247668
2.535089111	0.814638631
2.535893367	0.815584052
2.536830592	0.817046662
2.537802132	0.818639731
2.538807987	0.820458312
2.539713042	0.821948885
2.540583782	0.822966404
2.541422352	0.823748461
2.542293092	0.824600661
2.543365432	0.826611584
2.544169687	0.827585958
2.545008257	0.827953831
2.545911167	0.829412909
2.546816222	0.830302533
2.547721277	0.831513871
2.548727132	0.83321116
2.549698672	0.834826841
2.550603727	0.835552049
2.551407982	0.83644711
2.552212238	0.836651172
2.552982178	0.836390826
2.553786433	0.836427679
2.554659318	0.837894846
2.555731658	0.84001325
2.556634568	0.841133967
2.557507453	0.842078143
2.558378193	0.843727078
2.559283248	0.844922082
2.560254788	0.845864654
2.561226328	0.847322096
2.561964098	0.847506339
2.562869153	0.848368345
2.563806378	0.849672497
2.564677118	0.85038033
2.565515688	0.851173638
2.566455058	0.852144592
2.567426598	0.853354561
2.568430309	0.854647884
2.569202393	0.854448796
2.570073134	0.855134516
2.570843074	0.855438727
2.571715959	0.856485916
2.572653184	0.857302728
2.573693354	0.85873124
2.574596264	0.859236931
2.575636434	0.860570539
2.576440689	0.860779087
2.577210629	0.86080761
2.578049199	0.8616416
2.578986424	0.862581218
2.579891479	0.862920078
2.580762219	0.863440348
2.581667274	0.864056665
2.582572329	0.864492264
2.583477384	0.865012423
2.584416754	0.865616653
2.585353979	0.865906414
2.58622472	0.866004776
2.587129775	0.865993659
2.588069144	0.866030069
2.5887726	0.865757622
2.58954254	0.866051397
2.590346795	0.866610744
2.59125185	0.867070872
2.592358505	0.867768096
2.59319493	0.867503038
2.594067815	0.868194878
2.594938555	0.868195416
2.59587578	0.868254369
2.59684732	0.868567196
2.597651575	0.868435809
2.59855663	0.868859755
2.599496	0.868943156
2.60056834	0.868973655
2.60143908	0.868887943
2.602243335	0.869010715
2.60314839	0.86968987
2.604085616	0.869771893
2.6050593	0.869817255
2.605829241	0.869563148
2.606599181	0.869771378
2.607371266	0.87022386
2.608276321	0.870452832
2.609213546	0.870180639
2.610285886	0.870952792
2.611225256	0.871424776
2.612297596	0.87206327
2.613200506	0.871754413
2.614004761	0.872303523
2.614843331	0.872607783
2.615613271	0.872852505
2.616552641	0.87326375
2.617356896	0.873055395
2.618328436	0.873624055
2.619199176	0.873523111
2.620138546	0.873971015
2.621009286	0.87396765
2.622015141	0.87445001
2.623087482	0.874832142
2.623891737	0.874659175
2.624661677	0.874756462
2.625399447	0.875149499
2.626238017	0.875649823
2.627074442	0.875879625
2.628045982	0.876264916
2.629118322	0.877150499
2.629991207	0.877085484
2.630894117	0.877165412
2.631767002	0.877136842
2.632672057	0.877598341
2.633476312	0.877718835
2.634347052	0.877984438
2.635252107	0.877867589
2.636157162	0.877873579
2.637027902	0.87873012
2.637898642	0.88164462
2.638803697	0.885804866
2.639674438	0.889167122
2.640645978	0.892960153
2.641585348	0.896312981
2.642421773	0.899509499
2.643226028	0.902437613
2.644030283	0.904972158
2.644903168	0.908384025
2.645906878	0.912905843
2.646912733	0.916751611
2.647817788	0.920008468
2.648789328	0.92405756
2.649660068	0.926489966
2.650464323	0.927811068
2.651202093	0.929592439
2.652006348	0.931559035
2.652977888	0.93129313
2.653882943	0.932106659
2.654854483	0.931021879
2.655826024	0.933409345
2.656765393	0.932721956
2.657670448	0.932952805
2.658809274	0.934668945
2.659815129	0.934699536
2.660585069	0.935057092
2.661423639	0.935028607
2.662260064	0.935347334
2.663098634	0.935791217
2.663969374	0.936657107
2.664908744	0.93707452
2.665880284	0.935834799
2.666650224	0.938197547
2.667523109	0.939127613
2.668359534	0.938985874
2.669062989	0.939744541
2.669968044	0.93816766
2.670939584	0.939981111
2.671878954	0.940012192
2.672850494	0.943350186
2.673721234	0.944394306
2.674626289	0.946225566
2.675531344	0.950507191
2.67646857	0.954002907
2.67750874	0.957137466
2.678244365	0.959226792
2.67904862	0.960928817
2.679921505	0.963344787
2.68082656	0.964709399
2.68172947	0.965610493
2.682703155	0.967627597
2.683606065	0.969632872
2.68447895	0.970412183
2.685416175	0.971980176
2.68632123	0.973248786
2.68709117	0.973490082
2.687895425	0.974095311
2.688733995	0.975039683
2.68984065	0.977023997
2.69071139	0.978370813
2.691582131	0.979693152
2.692452871	0.980965839
2.693357926	0.982364878
2.694297296	0.98493492
2.695303151	0.987455341
2.696038776	0.988404837
2.696978146	0.990588358
2.697915371	0.995481627
2.698719626	0.998564076
2.699558196	1.001913096
2.700463251	1.00596986
2.701469106	1.010685079
2.702541446	1.015264414
2.703377871	1.016715038
2.704149956	1.018495788
2.704885581	1.019669852
2.705724151	1.02204591
2.706629206	1.024903517
2.707635061	1.027990769
2.708505801	1.030079799
2.709578141	1.033436394
2.710483196	1.034693095
2.711253137	1.035860791
2.712057392	1.035889385
2.712996762	1.037705422
2.713899672	1.039901454
2.714804727	1.042987146
2.715643297	1.045211911
2.716514037	1.049683355
2.717352607	1.053700751
2.718223347	1.057326671
2.719194887	1.061514753
2.720166427	1.065273584
2.721105797	1.067280987
2.722077337	1.07162883
2.722847277	1.07392861
2.723619362	1.076370301
2.724524417	1.079922072
2.725528127	1.084342645
2.726701268	1.090705978
2.727505523	1.093843095
2.728376263	1.096830196
2.729214833	1.099461837
2.730085573	1.102732696
2.730924143	1.105507685
2.731728398	1.107594016
2.732599138	1.110589042
2.733604993	1.114445174
2.734510048	1.118032723
2.735314303	1.113315082
2.736150728	1.11650541
2.737055783	1.120518166
2.738061638	1.125342054
2.739033178	1.130398097
2.739906063	1.132869894
2.740708173	1.135403326
2.741480258	1.136619508
2.742417483	1.139672364
2.743322538	1.140522571
2.744328393	1.142337909
2.745233448	1.144766195
2.746204989	1.148724335
2.747009244	1.15084419
2.747847813	1.152799806
2.748718554	1.155553063
2.749589294	1.158243621
2.750627319	1.162547947
2.751465889	1.166128046
2.752437429	1.168853858
2.753275999	1.171164651
2.754146739	1.17345175
2.755017479	1.175830136
2.756023334	1.17447014
2.757061359	1.178157607
2.757865614	1.18091007
2.758637699	1.182941469
2.759407639	1.184831127
2.760278379	1.187951101
2.761217749	1.191502215
2.762154975	1.195196456
2.76316083	1.199464756
2.764033714	1.202128741
2.765037425	1.207020844
2.765908165	1.209610057
2.766645935	1.211173238
2.767383705	1.212413938
2.768254445	1.214786594
2.769193815	1.218781565
2.77013104	1.222131096
2.77107041	1.225664763
2.771975465	1.228745126
2.77291269	1.232411396
2.77385206	1.235847614
2.7749244	1.240096995
2.77569434	1.242787647
2.77653291	1.244278389
2.77740365	1.247016619
2.77827439	1.249302142
2.779145131	1.25217298
2.7800845	1.255465904
2.78105604	1.259489752
2.781926781	1.261924087
2.782898321	1.265354361
2.783736891	1.267815976
2.784506831	1.269246103
2.785278916	1.270300537
2.786115341	1.272673023
2.787155511	1.276676044
2.788092736	1.280543256
2.788997791	1.283043197
2.789836361	1.285435672
2.790672786	1.288062983
2.791545671	1.290656342
2.792549381	1.294485548
2.793520921	1.298393556
2.794327321	1.299655863
2.795230231	1.302334451
2.796103116	1.305287801
2.797006027	1.308034696
2.797945396	1.310617216
2.798951251	1.314565825
2.799954962	1.318908257
2.800727047	1.320226887
2.801531302	1.32215005
2.802335557	1.3237207
2.803139812	1.325331311
2.804077037	1.328603395
2.805048577	1.332339117
2.805953632	1.335626065
2.806993802	1.339569289
2.807931027	1.343137937
2.808801767	1.34495819
2.809573852	1.346417078
2.810410277	1.348248716
2.811283162	1.350912818
2.812153902	1.353551013
2.812992472	1.355255364
2.813929697	1.35916353
2.814800438	1.361792826
2.815705493	1.364519026
2.816677033	1.368252505
2.817648573	1.372488333
2.818587943	1.375526208
2.819559483	1.379292678
2.820297253	1.380009252
2.821101508	1.381219731
2.821905763	1.383142414
2.822842988	1.386133251
2.823983958	1.391296833
2.824788213	1.39359297
2.825624638	1.395233001
2.826428893	1.397319909
2.827267463	1.398883345
2.828138203	1.401757916
2.829109743	1.405225813
2.829948313	1.407810065
2.830885538	1.410629867
2.831857079	1.414248736
2.832762134	1.417690938
2.833667189	1.420565935
2.834606558	1.424187891
2.835711069	1.429656649
2.836751239	1.43563992
2.837486864	1.436330284
2.838224634	1.433827073
2.838962404	1.434186523
2.839867459	1.437455751
2.840772514	1.441376925
2.841776224	1.446239782
2.842681279	1.449316022
2.843721449	1.454654504
2.844557874	1.457752872
2.845329959	1.459371198
2.846166384	1.461621428
2.847137924	1.465431597
2.848042979	1.468651028
2.848847234	1.471327805
2.849685804	1.473131833
2.850524374	1.476268067
2.851395114	1.478983087
2.852300169	1.482543296
2.853237395	1.48633545
2.854208935	1.490934231
2.855148305	1.494038698
2.85615416	1.49883393
2.8569241	1.500252109
2.85769404	1.501937784
2.858566925	1.504933347
2.85950415	1.508338354
2.860642975	1.514951626
2.86144723	1.517542677
2.8622858	1.520019481
2.86315654	1.522715177
2.86399511	1.525100806
2.864900165	1.527670211
2.86570442	1.529624947
2.86657516	1.5325399
2.867581015	1.536506429
2.868552555	1.541153642
2.869423296	1.543832827
2.870227551	1.546464126
2.87116692	1.54985349
2.872170631	1.554460064
2.873142171	1.559669325
2.873980741	1.561614552
2.874718511	1.562955318
2.875488451	1.564287206
2.876459991	1.567972985
2.877433676	1.572575966
2.878471701	1.578158074
2.879342441	1.581083111
2.880313981	1.583015721
2.881152551	1.585912322
2.882023291	1.588006948
2.882894031	1.590896996
2.883698286	1.592903213
2.884603341	1.595989995
2.885441911	1.599230236
2.886379137	1.602365087
2.887183392	1.605211934
2.888056276	1.607895993
2.888993502	1.611885655
2.889999357	1.616212905
2.891037382	1.621546544
2.891908122	1.624628328
2.892680207	1.626399651
2.893450147	1.627846133
2.894355202	1.631342949
2.895260257	1.635166183
2.896197482	1.63933435
2.897203337	1.644369257
2.898007592	1.646490628
2.898946962	1.650964512
2.899852017	1.654148188
2.900688442	1.656671098
2.901492697	1.658743126
2.902363437	1.661179439
2.903337122	1.666049022
2.904274347	1.669964532
2.905179402	1.673510887
2.906017972	1.676165649
2.906920883	1.679564848
2.907860253	1.683367227
2.908831793	1.687312648
2.909702533	1.690753259
2.910541103	1.692776687
2.911446158	1.696104367
2.912316898	1.699236931
2.913187638	1.701854011
2.914092693	1.705227412
2.915064233	1.709717169
2.915902803	1.712442573
2.916842173	1.715923347
2.917745083	1.718989311
2.918583653	1.72148724
2.919321423	1.72263144
2.920157848	1.724570755
2.921097218	1.728754724
2.922002273	1.732825141
2.922939499	1.736002166
2.923844554	1.740049405
2.924783923	1.743996333
2.925654664	1.746988886
2.926660519	1.751389657
2.927632059	1.756073292
2.928401999	1.757013844
2.929272739	1.759999003
2.930145624	1.76287743
2.930982049	1.765790054
2.931921419	1.769601502
2.932993759	1.775317423
2.933997469	1.781310579
2.934801724	1.782497953
2.935674609	1.785701895
2.936545349	1.788494647
2.937315289	1.78996509
2.938153859	1.791875879
2.939091085	1.79578328
2.940030454	1.800518044
2.941036309	1.805612222
2.941872735	1.808516607
2.942745619	1.810949985
2.943582045	1.813513263
2.944420615	1.816202801
2.945392155	1.819677305
2.946230725	1.823112711
2.94703498	1.823706733
2.947972205	1.827605076
2.948842945	1.830513885
2.949748	1.833514309
2.95068737	1.837033733
2.951624595	1.840526117
2.952495335	1.842765281
2.95350119	1.847462587
2.954406245	1.850043395
2.955176185	1.850704966
2.95594827	1.851091847
2.956853325	1.853274458
2.957957836	1.858622651
2.958897205	1.862806144
2.95980226	1.864813668
2.960673001	1.866468552
2.961578056	1.867550926
2.962515281	1.869650174
2.963486821	1.870194107
2.964192421	1.865253731
2.965095331	1.863619889
2.966000386	1.863329827
2.966838956	1.862318486
2.967608896	1.860875127
2.968447466	1.86066613
2.969419006	1.862703644
2.970525661	1.866838714
2.971362086	1.866906382
2.972200656	1.867558197
2.972938426	1.866716508
2.973774851	1.867602833
2.974714221	1.87008237
2.975752247	1.874390342
2.976556502	1.87556426
2.977628842	1.880440066
2.978533897	1.883794005
2.979372467	1.885590702
2.980243207	1.887853921
2.981148262	1.890571544
2.982019002	1.893797953
2.982857572	1.897102988
2.983728312	1.899552096
2.984633367	1.903934009
2.985538422	1.907397887
2.986443477	1.911240132
2.987415017	1.915685112
2.988386557	1.920425695
2.989424582	1.924737038
2.990363952	1.929154878
2.991033092	1.928832162
2.991736547	1.928978383
2.992540803	1.931383877
2.993480172	1.935387697
2.994552512	1.941298041
2.995423253	1.945150351
2.996328308	1.94834114
2.997199048	1.951203178
2.998069788	1.953786488
2.999009158	1.956849974
2.999879898	1.960080331
3.000750638	1.96332625
3.001623523	1.965874141
3.002528578	1.969622285
3.003365003	1.972120842
3.004203573	1.974453514
3.005108628	1.977645005
3.006112338	1.98213865
3.007152508	1.987782586
3.008023248	1.989833371
3.008827503	1.99189721
3.009597444	1.993419026
3.010502499	1.996985406
3.011407554	2.000258195
3.012479894	2.006120251
3.013384949	2.0102557
3.014390804	2.013967857
3.015227229	2.014808352
3.016065799	2.008325103
3.016870054	2.006112904
3.017639994	2.005201339
3.018579364	2.006572787
3.019450104	2.009506803
3.020455959	2.012489881
3.021326699	2.01521503
3.022165269	2.01686126
3.023070324	2.019639719
3.024108349	2.024104506
3.025146374	2.029758768
3.026051429	2.031708738
3.026789199	2.032925082
3.02755914	2.033173531
3.028432024	2.035768304
3.02926845	2.038014277
3.03020782	2.041151384
3.03128016	2.04746622
3.0321509	2.050037082
3.033055955	2.053198966
3.033894525	2.054517663
3.034765265	2.055943614
3.03556952	2.057254095
3.036405945	2.058941347
3.037345315	2.062827044
3.038316855	2.066708253
3.039256225	2.068724189
3.040159135	2.067478609
3.04103202	2.06653821
3.04190276	2.063478502
3.0429751	2.062955193
3.04384584	2.063445984
3.044650095	2.062583347
3.045488665	2.063066084
3.046325091	2.064116462
3.047197975	2.065191816
3.04810303	2.067371253
3.049106741	2.071512705
3.049979626	2.074043128
3.050916851	2.077102952
3.051755421	2.078942456
3.052591846	2.080795453
3.053363931	2.082134643
3.054200356	2.083960361
3.055171896	2.087819711
3.056076951	2.092292198
3.056982006	2.095753208
3.057921376	2.099725069
3.058826431	2.10393254
3.059697171	2.107618305
3.060735196	2.112464822
3.061741051	2.117906818
3.062478821	2.119132356
3.063315247	2.121771467
3.064153816	2.124699427
3.065024557	2.128495638
3.065929612	2.132818732
3.066901152	2.13819306
3.067973492	2.145145407
3.068745577	2.147792239
3.069582002	2.151216401
3.070487057	2.154546857
3.071256997	2.156894586
3.072129882	2.16033436
3.073101422	2.165955182
3.074038647	2.171497454
3.075010187	2.176923373
3.075883072	2.180816901
3.076719497	2.184054099
3.077592382	2.187577389
3.078495292	2.191612576
3.079601947	2.198844421
3.080406202	2.202555179
3.081176143	2.203134485
3.082049027	2.206536931
3.082885453	2.208935664
3.083758337	2.211606376
3.084695563	2.215016004
3.085701418	2.219989941
3.086672958	2.223947145
3.087678813	2.227988847
3.088549553	2.227780458
3.089253008	2.22478161
3.089990778	2.222108922
3.090928003	2.222378678
3.092101143	2.22716492
3.092971883	2.2291645
3.093844768	2.228767622
3.094649023	2.228797737
3.095485448	2.229038685
3.096390503	2.231020946
3.097362043	2.234209269
3.098099813	2.234350743
3.099004868	2.236016689
3.100010723	2.240391216
3.100881464	2.243453703
3.101685719	2.24519454
3.102556459	2.247549284
3.103562314	2.252568716
3.104600339	2.258803382
3.105372424	2.259553681
3.106243164	2.262595645
3.107013104	2.263475735
3.107851674	2.26534952
3.108756729	2.269203651
3.109762584	2.275341094
3.110633324	2.278680566
3.111671349	2.284992852
3.112576404	2.289291949
3.113348489	2.291008599
3.114219229	2.294063922
3.115190769	2.298446241
3.116095824	2.302781715
3.116900079	2.30625857
3.117736505	2.308508409
3.11864156	2.313664967
3.119546615	2.31742536
3.120417355	2.321570108
3.121388895	2.327162352
3.12239475	2.333716629
3.123400605	2.337765421
3.124271345	2.342211213
3.12494263	2.342159827
3.12571257	2.343423068
3.126516825	2.34608507
3.12742188	2.350445247
3.12849422	2.357870548
3.12933279	2.362492786
3.1302357	2.366259352
3.131140755	2.370482685
3.132112295	2.375065686
3.13301735	2.378985972
3.13385592	2.381862236
3.134760975	2.386342283
3.13576683	2.391545812
3.136770541	2.398552618
3.137609111	2.402286015
3.138479851	2.405723231
3.139318421	2.409195948
3.140255646	2.413860686
3.141261501	2.420253221
3.142166556	2.422741032
3.142904326	2.425056757
3.143642096	2.425596652
3.144579321	2.430035725
3.145484376	2.434246431
3.146490231	2.439962824
3.147360971	2.44396034
3.148433311	2.450910484
3.149304051	2.455250981
3.150073991	2.456778165
3.150878247	2.4577439
3.151650331	2.459170486
3.152587557	2.462758403
3.153460441	2.467829505
3.154397667	2.471023416
3.155236237	2.474141431
3.156173462	2.47817846
3.157112832	2.483914924
3.158116542	2.488156265
3.159223197	2.495092802
3.160128252	2.498907208
3.160831707	2.499655397
3.161569477	2.500032107
3.162440217	2.503202154
3.163278787	2.506288979
3.164250327	2.510901358
3.165354837	2.519598795
3.166259892	2.5229516
3.167164947	2.526986385
3.168003517	2.529519857
3.168839943	2.530927745
3.169612027	2.53149999
3.170448453	2.532775163
3.171353508	2.536327369
3.172325048	2.540586371
3.173264418	2.545725812
3.174135158	2.548855735
