
1.000061116	3.04433E-05
1.000553989	6.85311E-05
1.001600852	8.38479E-05
1.002864578	3.05286E-05
1.003881868	8.40388E-05
1.00483607	0.000130002
1.00566804	0.000114802
1.006438894	6.89342E-05
1.007239319	6.8989E-05
1.008039745	0.000115073
1.008840171	0.000115164
1.009672141	0.000245887
1.010657887	0.000161521
1.011521401	0.000130867
1.01235337	0.000169496
1.013214912	0.000115664
1.013954222	0.000131181
1.014693532	0.000277998
1.015525501	0.000115928
1.016450131	0.000224331
1.017282101	0.000139354
1.018236303	0.000116237
1.019068273	0.000124087
1.019807582	0.000147461
1.020546892	0.000170868
1.021408434	0.000178785
1.02230152	0.000132261
1.022950141	0.00012456
1.023780139	0.000218157
1.024550993	0.000171538
1.025351418	0.000218492
1.026153816	0.000281138
1.027015358	0.000148503
1.027847328	0.000125156
1.02880153	0.000227057
1.029694616	0.000289944
1.030404353	0.000235252
1.031082546	0.000588517
1.031882972	0.00052615
1.032837174	0.000463755
1.033822921	0.000298975
1.03456223	0.000362176
1.035425744	0.000307318
1.036194626	0.000346975
1.037058139	0.000355157
1.037982769	0.000355474
1.038690535	0.00041105
1.039337184	0.000482493
1.040291387	0.0004196
1.041123356	0.000467475
1.041833093	0.000467794
1.042601975	0.000491943
1.043495061	0.000484423
1.044480808	0.000500778
1.045251661	0.000540922
1.046052087	0.000565218
1.046791396	0.000517819
1.047501134	0.000613832
1.048270016	0.000606305
1.049163102	0.000590853
1.050026615	0.000615312
1.050951245	0.000695835
1.051873903	0.000536344
1.052613213	0.000608817
1.053352523	0.000569163
1.054216036	0.000681951
1.055048006	0.000650372
1.055879976	0.000642849
1.056587741	0.000707608
1.057451255	0.000659901
1.058281253	0.000652365
1.059113223	0.000596456
1.059945193	0.000629191
1.060869822	0.000613593
1.061731364	0.000622171
1.062748654	0.000671295
1.063426848	0.000606979
1.064073497	0.00063974
1.064844351	0.000729345
1.065644777	0.000681234
1.066630523	0.000665629
1.067492065	0.000617423
1.068262918	0.000699168
1.069063344	0.000813595
1.06986377	0.000854914
1.07069574	0.000822985
1.071466593	0.000831732
1.072267019	0.000922117
1.073037872	0.000824786
1.073930958	0.000939894
1.074762928	0.000785215
1.075563354	0.000793985
1.076334207	0.00089285
1.077195749	0.000860773
1.078213039	0.00085338
1.079013465	0.000854014
1.079784319	0.000903929
1.080430968	0.00090447
1.081231394	0.00102034
1.08203182	0.001004626
1.082895333	0.000964222
1.083756876	0.001014476
1.084559273	0.001089512
1.085452359	0.000991281
1.086313901	0.000992067
1.087114327	0.001108625
1.08788518	0.000993502
1.088656034	0.001118482
1.089578692	0.001136014
1.090288429	0.001103564
1.091149971	0.001312037
1.091952369	0.001022147
1.092845455	0.000956448
1.093677424	0.001215197
1.094663171	0.000966369
1.095493169	0.00105881
1.096232478	0.001284778
1.096942216	0.001252217
1.097711098	0.001478652
1.098481951	0.001580008
1.099282377	0.001505866
1.100238551	0.001523922
1.101131637	0.001726279
1.101993179	0.002054706
1.102825148	0.001728934
1.103596002	0.001234617
1.104335311	0.001622045
1.105104193	0.001261534
1.105967707	0.000934265
1.106768133	0.001263434
1.107631646	0.001163266
1.108432072	0.001003831
1.109264042	0.001257841
1.110064468	0.001233405
1.110927981	0.001352728
1.111913728	0.001226998
1.112621493	0.00142253
1.113392347	0.001482828
1.114161229	0.001517769
1.114932082	0.001510334
1.115764052	0.001418056
1.11668671	0.00135974
1.11751868	0.00146281
1.11835065	0.001480921
1.119214163	0.001430959
1.119983045	0.001346707
1.120661238	0.001509567
1.121369004	0.001484918
1.122232518	0.001537305
1.123218264	0.001615588
1.12401869	0.001719389
1.124850659	0.001703541
1.125682629	0.00181617
1.126483055	0.001663148
1.127346569	0.001767377
1.128361887	0.001605812
1.129071624	0.001701341
1.129810934	0.001762643
1.13061136	0.001729474
1.131382213	0.001730653
1.132182639	0.001628482
1.133044181	0.001698704
1.134029927	0.001708812
1.134832325	0.001727294
1.135601207	0.001745749
1.136433176	0.001677839
1.137172486	0.001704893
1.137911795	0.001783941
1.138743765	0.001715915
1.139668395	0.001778021
1.140500365	0.001787999
1.141423023	0.001737326
1.142193877	0.001851501
1.142901642	0.001791764
1.14370404	0.001758206
1.144597126	0.001820554
1.145490212	0.001813257
1.146136861	0.001814281
1.146968831	0.001867971
1.1478008	0.001799444
1.14863277	0.001792007
1.149494312	0.001837091
1.150418942	0.001934875
1.151158252	0.001857272
1.152051338	0.001885016
1.152944424	0.001868928
1.153683733	0.001940366
1.154361927	0.001950292
1.155101236	0.001925169
1.156086982	0.00193561
1.157041184	0.001875569
1.157750922	0.002052937
1.15858092	0.002098495
1.159383317	0.002064655
1.160183743	0.002083739
1.161108373	0.002120746
1.161908799	0.00209568
1.162555448	0.002318033
1.163448534	0.002169291
1.164280504	0.002179703
1.16508093	0.002305335
1.165883327	0.002280305
1.166744869	0.00228199
1.167699071	0.002239423
1.168501469	0.002214284
1.169333438	0.002198062
1.170041204	0.002261723
1.170780514	0.002298793
1.17158094	0.002202287
1.172412909	0.002257386
1.173276423	0.002276906
1.174230625	0.00232344
1.175184827	0.002316384
1.175894565	0.002183549
1.176570786	0.002256437
1.177402756	0.002329716
1.17826627	0.002295557
1.179127812	0.00236005
1.179806005	0.00234345
1.180606431	0.002300116
1.181408828	0.002382598
1.182238827	0.00245625
1.183133884	0.002323048
1.184056542	0.002369915
1.184888512	0.002380598
1.185844686	0.002409593
1.186674684	0.002384187
1.187323305	0.002421634
1.187999527	0.002404931
1.188831497	0.002442804
1.189817243	0.002553489
1.190741873	0.002410482
1.191542298	0.002457443
1.192342724	0.002486316
1.193145122	0.002433508
1.193977091	0.002480637
1.194716401	0.00250945
1.195485283	0.002547457
1.19619502	0.002558073
1.197088106	0.002669306
1.197949648	0.002561825
1.198750074	0.002663889
1.199552471	0.002629156
1.200414013	0.002658451
1.201399759	0.00267892
1.202200185	0.002799644
1.203032155	0.002691716
1.203771465	0.002748337
1.204542318	0.002731763
1.205313172	0.002724338
1.206174714	0.002790541
1.207006683	0.002820023
1.207838653	0.002730046
1.208792855	0.002787399
1.209593281	0.002752423
1.210364135	0.002754177
1.21116456	0.00282052
1.211935414	0.002859208
1.212796956	0.002778173
1.213475149	0.002862841
1.214275575	0.002855488
1.215077973	0.002774151
1.215939515	0.002850147
1.216771484	0.002852098
1.217788774	0.00278034
1.218650316	0.002800855
1.219450742	0.002802695
1.220160479	0.002757897
1.220929361	0.002861844
1.221761331	0.002863794
1.222624845	0.002754163
1.223517931	0.002895845
1.22425724	0.002860327
1.22508921	0.002955504
1.225950752	0.002920263
1.226753149	0.002959519
1.227522031	0.002970715
1.228292885	0.00301932
1.229124855	0.003002657
1.229956824	0.002957887
1.230911027	0.003091329
1.231711452	0.003093339
1.232511878	0.003104729
1.233343848	0.003050508
1.234268478	0.003109154
1.23522268	0.003026954
1.235932417	0.003197999
1.236610611	0.003162109
1.23734992	0.00319225
1.23808923	0.003269535
1.238919228	0.003262299
1.239814285	0.003283526
1.240707371	0.003238681
1.241507797	0.00324077
1.242432427	0.003309371
1.243232853	0.003377733
1.243972163	0.003294538
1.244650356	0.003391057
1.245482326	0.00341228
1.246436528	0.003386437
1.247236954	0.003512007
1.248037379	0.003476268
1.248839777	0.003402471
1.249608659	0.003404565
1.250472172	0.003444984
1.251519035	0.003352623
1.252319461	0.003421482
1.253090314	0.003499879
1.253861168	0.003406609
1.254630049	0.003485083
1.255400903	0.003554103
1.256293989	0.003499266
1.257279735	0.003502012
1.258050588	0.003590327
1.258880587	0.003544793
1.259712556	0.003556723
1.260451866	0.003549218
1.261130059	0.003531932
1.261930485	0.003591796
1.262823571	0.003536675
1.263687085	0.003673733
1.264580171	0.003589714
1.26531948	0.003659219
1.26605879	0.003670992
1.266859216	0.003721519
1.267783846	0.003762829
1.268769592	0.003640229
1.269386669	0.003806228
1.270216667	0.003876384
1.271019064	0.003888506
1.27191215	0.003891238
1.272805236	0.003864911
1.273759439	0.003770871
1.274530292	0.003996244
1.275484494	0.003931288
1.276286892	0.003953187
1.276963113	0.003916409
1.27758019	0.004044698
1.2783195	0.004056767
1.27924413	0.004147321
1.280259448	0.004014208
1.280969186	0.004094422
1.281799184	0.00406781
1.282570037	0.004148343
1.283433551	0.004072997
1.284326637	0.004163799
1.285095519	0.004078271
1.285805256	0.004246876
1.286698342	0.004220449
1.287559884	0.004125287
1.288299194	0.00413746
1.289038503	0.004120214
1.289902017	0.004142608
1.290887763	0.004194894
1.291688189	0.004226986
1.292488615	0.004170587
1.293227924	0.004241866
1.293937661	0.004273736
1.294769631	0.004276484
1.295662717	0.004338597
1.296494687	0.004282182
1.297417345	0.004285229
1.298310431	0.004347463
1.299081285	0.004518114
1.29988171	0.004402187
1.300774796	0.004533903
1.301577194	0.004546605
1.302438736	0.004559527
1.303116929	0.004542067
1.303948899	0.004584661
1.304717781	0.004557576
1.305488634	0.004659621
1.306320604	0.004682473
1.307182146	0.004804939
1.308014116	0.00474827
1.309031406	0.00469219
1.309831832	0.004744901
1.310478481	0.004757216
1.311188218	0.004809686
1.312020188	0.004852677
1.312942846	0.004936026
1.313867476	0.004899506
1.314667902	0.004932506
1.315499872	0.004995696
1.316331842	0.005089015
1.317224928	0.005062394
1.317964237	0.005115386
1.318703547	0.005178471
1.3194744	0.005171456
1.320367486	0.005124714
1.321199456	0.005077669
1.321968338	0.005040382
1.322800308	0.005184491
1.323663821	0.005167729
1.324649567	0.005181658
1.325388877	0.005174463
1.326128186	0.005197534
1.326835952	0.005230601
1.327606806	0.005274054
1.328438775	0.005186371
1.329331861	0.005220207
1.330256491	0.005233962
1.331149577	0.005348912
1.332042663	0.005301814
1.332781973	0.005375757
1.333550855	0.005348412
1.334321708	0.005371813
1.335122134	0.005405517
1.336046764	0.005531274
1.336786073	0.005524162
1.337710703	0.005538163
1.338511129	0.005602596
1.339311555	0.005605946
1.340082408	0.005588776
1.341036611	0.005633578
1.34196124	0.005494484
1.342669006	0.005824363
1.343317627	0.005816954
1.344056937	0.005983815
1.344918479	0.005875062
1.345781992	0.006042705
1.346736195	0.006067487
1.347568164	0.006153279
1.348429706	0.006044331
1.349261676	0.006068597
1.35003253	0.006195355
1.350771839	0.006178188
1.351540721	0.006243419
1.352435779	0.006196091
1.353236204	0.00626155
1.35412929	0.00620385
1.354929716	0.006454992
1.35570057	0.006376126
1.356469452	0.006482974
1.357301421	0.006559257
1.358318711	0.006543499
1.359026477	0.006546908
1.359797331	0.006540273
1.360568184	0.006616462
1.361337066	0.006547679
1.36220058	0.006686601
1.363093666	0.006566501
1.363986752	0.006664228
1.364818721	0.006730613
1.365680263	0.006786828
1.366451117	0.006769861
1.367158883	0.006794176
1.367898192	0.006818671
1.368761706	0.006927143
1.369715908	0.006879852
1.370547878	0.006957043
1.371379847	0.007003013
1.372180273	0.007059314
1.372951127	0.007105074
1.373783096	0.0071512
1.374737299	0.007198016
1.375476608	0.00728563
1.376247462	0.007331607
1.377047888	0.007367311
1.377818741	0.007423864
1.378619167	0.007470143
1.379451137	0.007642621
1.380405339	0.007563865
1.381205765	0.007683877
1.382037734	0.007677987
1.38283816	0.007714006
1.383547897	0.007886434
1.384316779	0.007880281
1.385148749	0.007853393
1.386041835	0.008048325
1.386873805	0.008127038
1.387798435	0.00809021
1.38859886	0.008211121
1.389369714	0.008173385
1.39017014	0.008167514
1.391002109	0.00831002
1.391926739	0.008315544
1.392604933	0.008383185
1.393466475	0.00843079
1.394298444	0.008372157
1.39509887	0.008376964
1.39593084	0.008562559
1.396885042	0.008568412
1.397655896	0.008658234
1.398580526	0.008642674
1.399349408	0.008796519
1.400088717	0.008758546
1.400828027	0.008763171
1.40159888	0.00877866
1.402553082	0.008880701
1.403538829	0.00886558
1.404278138	0.008998495
1.405017448	0.008864227
1.405788301	0.008965377
1.406620271	0.009088437
1.407420697	0.009147163
1.40819155	0.009216474
1.408899316	0.009178218
1.409823946	0.009141324
1.410655915	0.009286281
1.411424797	0.009377274
1.412195651	0.00940389
1.413088737	0.00949587
1.414074483	0.009491733
1.414906453	0.009561925
1.415738422	0.009707613
1.416477732	0.009723462
1.417155925	0.009717332
1.417987895	0.009787786
1.418817893	0.009869099
1.419681407	0.009929126
1.420635609	0.01007635
1.421621355	0.010083342
1.422423753	0.010175634
1.423131518	0.010310664
1.423963488	0.010284181
1.424795458	0.010301033
1.425627427	0.010307048
1.426303649	0.010246809
1.427074503	0.010350091
1.427874929	0.010573229
1.428675354	0.010524793
1.429507324	0.010607075
1.430463498	0.010712147
1.431295468	0.010838196
1.432281214	0.01080206
1.433020523	0.010829447
1.433667173	0.010834334
1.434436055	0.01094931
1.435268024	0.011043044
1.43625377	0.011028768
1.437146856	0.010937191
1.437949254	0.011129333
1.43874968	0.011047933
1.439518562	0.011251032
1.440350531	0.011323304
1.441089841	0.011241378
1.441892238	0.011291531
1.442722236	0.011363908
1.443646866	0.011316258
1.444478836	0.011421716
1.445249689	0.011493805
1.446018571	0.011631976
1.446882085	0.011660945
1.447897404	0.011823394
1.448636713	0.011796357
1.449314906	0.011724671
1.450024644	0.011774553
1.450854642	0.011924833
1.451718155	0.011965074
1.452611241	0.012094039
1.453504327	0.012101474
1.454336297	0.012174809
1.455229383	0.012270884
1.455968693	0.012277118
1.456708002	0.012405299
1.457478856	0.012378588
1.458279282	0.01241868
1.459233484	0.012526753
1.459972793	0.012510878
1.460836307	0.012573865
1.461636733	0.012725361
1.462592907	0.012700293
1.463422905	0.012907969
1.464254875	0.012971025
1.465057272	0.012955834
1.465796581	0.013029303
1.466504347	0.013124879
1.467336317	0.013221661
1.468136743	0.013273565
1.468968712	0.013359343
1.469922915	0.013323274
1.470754884	0.013286043
1.471679514	0.013451196
1.472511484	0.013503625
1.473280366	0.013600374
1.473990103	0.013573273
1.474697869	0.013669574
1.475561382	0.013801103
1.476422925	0.013708036
1.477347554	0.01378408
1.478179524	0.013870589
1.478948406	0.013990357
1.479687716	0.014042394
1.480519685	0.014084091
1.481536975	0.014138869
1.482215169	0.014190462
1.482984051	0.014197823
1.483786448	0.014318426
1.484525758	0.014302965
1.485355756	0.014367482
1.486280386	0.014534782
1.487173472	0.014566151
1.488036985	0.014767125
1.488930071	0.014764657
1.489669381	0.014794662
1.49031603	0.01490316
1.49105534	0.015024028
1.491948426	0.015044381
1.492904599	0.014963131
1.493705025	0.015096197
1.494536995	0.015161475
1.495430081	0.015352627
1.496169391	0.015428535
1.496969816	0.015391219
1.497955563	0.015446954
1.498663328	0.015545496
1.499495298	0.015599772
1.500327268	0.015665518
1.501098121	0.015822077
1.501867003	0.015933049
1.502698973	0.016010491
1.503747807	0.016124663
1.504609349	0.016191154
1.505348658	0.01619911
1.506119512	0.016218867
1.506888394	0.016273018
1.507598131	0.016429837
1.508430101	0.016450383
1.509323187	0.016345258
1.510123613	0.016422882
1.510985155	0.016547242
1.511787552	0.016590545
1.512587978	0.016679909
1.513358831	0.016803581
1.51418883	0.016812797
1.515052343	0.016914625
1.515760109	0.017084024
1.516623622	0.017036046
1.517516708	0.017115371
1.51837825	0.017182865
1.51930288	0.017251141
1.52022751	0.017296348
1.52096682	0.01739736
1.52179879	0.017302644
1.522538099	0.017345811
1.523245865	0.017504576
1.523985174	0.017559464
1.524756028	0.017637969
1.52571023	0.017695452
1.526695976	0.017648791
1.527435286	0.017913073
1.528235712	0.017980612
1.529038109	0.018048235
1.529838535	0.018197394
1.530700077	0.018300836
1.531502474	0.018205532
1.53221024	0.01848214
1.533103326	0.018481246
1.533935296	0.018572991
1.534706149	0.01875752
1.535506575	0.018743931
1.536368117	0.018847986
1.537324291	0.018836317
1.538093173	0.018997909
1.53889557	0.019019531
1.53963488	0.019216143
1.540435305	0.019366812
1.541296848	0.019342454
1.542191905	0.01941237
1.543021903	0.019458046
1.543916961	0.019669079
1.544810047	0.019739239
1.545578929	0.019807876
1.546318238	0.019840887
1.547150208	0.019969306
1.547950634	0.020038539
1.548814147	0.020049717
1.549521913	0.020188596
1.550353883	0.020187637
1.551185853	0.020292911
1.551986278	0.02038606
1.552788676	0.020538407
1.553681762	0.02055022
1.554543304	0.020691752
1.55552905	0.020704873
1.55626836	0.020714714
1.556946553	0.020771136
1.557685862	0.020863981
1.558486288	0.020732375
1.559410918	0.020958293
1.560304004	0.020922798
1.56110443	0.021087978
1.5619364	0.021182425
1.562768369	0.021443466
1.563600339	0.021419183
1.564400765	0.02147777
1.565201191	0.021595965
1.566003588	0.021654707
1.566896674	0.021750529
1.5676971	0.021797432
1.56843641	0.02187933
1.569236835	0.022033805
1.570068805	0.022141077
1.571054551	0.022190847
1.571793861	0.022368756
1.572564714	0.022547275
1.573242908	0.022556999
1.57401179	0.022556044
1.574904876	0.022592813
1.575797961	0.022761526
1.576722591	0.02282288
1.577586105	0.023015469
1.578418075	0.022979557
1.57912584	0.023158109
1.579896694	0.023253578
1.580726692	0.023301884
1.581466002	0.02348128
1.582361059	0.023470485
1.583100369	0.023650122
1.583961911	0.023747374
1.584762337	0.023855859
1.585594306	0.023904584
1.586426276	0.024025786
1.587412022	0.024052796
1.588397768	0.02415235
1.589137078	0.024151497
1.589815271	0.024452182
1.590615697	0.024403967
1.591479211	0.024405104
1.592340753	0.024478907
1.593326499	0.024518312
1.594126925	0.024736871
1.594958894	0.024725504
1.595729748	0.024858895
1.596469057	0.024894712
1.597237939	0.025003946
1.597977249	0.025149292
1.598809219	0.025344898
1.599580072	0.025284078
1.600473158	0.025480897
1.601273584	0.025627689
1.602075981	0.025652723
1.602876407	0.025714334
1.603708377	0.025837524
1.604755239	0.025964305
1.605433433	0.025975278
1.606265402	0.026098757
1.607095401	0.026148934
1.607866254	0.026222659
1.60866668	0.026443836
1.60949865	0.026543254
1.610330619	0.026655016
1.611131045	0.02671731
1.611994559	0.026829772
1.612826528	0.026868168
1.613565838	0.027089241
1.614305148	0.02702794
1.61516669	0.027214452
1.61618398	0.027133195
1.617045522	0.027393785
1.617847919	0.027579751
1.618616801	0.027605177
1.619387655	0.027581351
1.62018808	0.027816928
1.62120537	0.027920759
1.621974252	0.028008064
1.622745106	0.028120172
1.623545532	0.028183465
1.624345957	0.028407511
1.625116811	0.028569405
1.625948781	0.028534535
1.626841867	0.028599731
1.62761272	0.028749537
1.62844469	0.028838591
1.629274688	0.028940085
1.629984425	0.02900231
1.630723735	0.029077517
1.631555705	0.029191685
1.632478363	0.029307583
1.633310333	0.02937224
1.634234962	0.02946349
1.635035388	0.029652126
1.635867358	0.029692113
1.636699328	0.029881596
1.637562841	0.029972136
1.638455927	0.03001342
1.639071033	0.030124479
1.639903003	0.03015225
1.640703428	0.030241885
1.641474282	0.030455969
1.642274708	0.030558308
1.643167794	0.030587431
1.644031307	0.030691087
1.645017053	0.030947353
1.645910139	0.031064362
1.646617905	0.031228096
1.647264555	0.031202751
1.648003864	0.031216755
1.648928494	0.031397406
1.64991424	0.031478957
1.650623977	0.031605555
1.651485519	0.031697462
1.652256373	0.031850574
1.653025255	0.032079257
1.653827652	0.032283622
1.65465765	0.032325009
1.655367388	0.032338874
1.656292017	0.032470382
1.65715356	0.032600776
1.657924413	0.032843054
1.658693295	0.032934024
1.659556809	0.032900651
1.660481438	0.032982166
1.661374524	0.03318956
1.662236066	0.033232071
1.662945804	0.033372816
1.663653569	0.033576935
1.664453995	0.033580423
1.665347081	0.033750527
1.666210595	0.033742667
1.667164797	0.033952306
1.668089427	0.034085389
1.668736076	0.034263698
1.669443842	0.03427823
1.670307356	0.034512058
1.671231985	0.034569319
1.672154644	0.034588404
1.672832837	0.034729741
1.673696351	0.034798618
1.674465233	0.034903807
1.675204542	0.035021209
1.675975396	0.035113853
1.676775822	0.035219949
1.677546675	0.035338274
1.678500877	0.035562758
1.679364391	0.035389345
1.680072157	0.035634407
1.680811466	0.035701254
1.681643436	0.035744521
1.682629182	0.035931944
1.683522268	0.035989452
1.684293121	0.036236656
1.685093547	0.036266701
1.685925517	0.036412912
1.686787059	0.036547053
1.687619029	0.036629296
1.688389882	0.036838766
1.689158764	0.036829832
1.690053822	0.037016552
1.690946908	0.037100456
1.691747334	0.037336889
1.692518187	0.037379663
1.693379729	0.037476014
1.694365475	0.037678356
1.695136329	0.037824503
1.695905211	0.037893285
1.696522288	0.037919984
1.697261597	0.03805276
1.698062023	0.03813532
1.698955109	0.038297603
1.699879739	0.038357256
1.700741281	0.038480242
1.701604795	0.038551579
1.702405221	0.038777008
1.703205646	0.038873012
1.7039765	0.038903573
1.704715809	0.039128028
1.705701556	0.039150654
1.706440865	0.039349435
1.707272835	0.039459571
1.708043688	0.039503385
1.70890523	0.039575332
1.709705656	0.03969796
1.710691402	0.039838019
1.711616032	0.039885603
1.712386886	0.040112076
1.713033535	0.040035966
1.713772845	0.040170627
1.714604814	0.040320615
1.715436784	0.04036629
1.716452103	0.04052081
1.717222956	0.040721969
1.718054926	0.040689398
1.718823808	0.040786093
1.719655777	0.04101523
1.720456203	0.041165253
1.721165941	0.041103643
1.72199791	0.041333192
1.722859452	0.041458764
1.723752538	0.041558965
1.724554936	0.041683307
1.725355361	0.041755175
1.726155787	0.041735137
1.726987757	0.042083826
1.727973503	0.042081546
1.728620153	0.042268315
1.729359462	0.042339036
1.730159888	0.042424468
1.730962285	0.042562703
1.731823827	0.042821123
1.732748457	0.042857173
1.733641543	0.042747326
1.734473513	0.043124239
1.735366599	0.043252098
1.736137452	0.043324161
1.736845218	0.043500438
1.737552984	0.043504942
1.738416497	0.043672092
1.739341127	0.043642372
1.740110009	0.043833821
1.740910435	0.043933478
1.741742405	0.044206324
1.742574375	0.044108085
1.743467461	0.044342985
1.744484751	0.044435239
1.745192516	0.044586083
1.745902253	0.044723797
1.746671135	0.044796665
1.747441989	0.044882928
1.748212842	0.045142208
1.749074384	0.045137833
1.750060131	0.045296457
1.7508921	0.045264692
1.75172407	0.045406181
1.752585612	0.045575229
1.753324922	0.045661171
1.754034659	0.045786445
1.754896201	0.045915777
1.755852375	0.045887344
1.756682373	0.046216522
1.757545886	0.046292742
1.758285196	0.04636574
1.759024506	0.046385235
1.759824931	0.046459914
1.760688445	0.046670303
1.761611103	0.046788605
1.762259724	0.046819244
1.763089723	0.046962055
1.763860576	0.046996011
1.764692546	0.047139047
1.765524516	0.047255325
1.766449145	0.047401063
1.767279144	0.047490583
1.768203773	0.047663453
1.769035743	0.047874362
1.769743509	0.047947389
1.77039213	0.048005382
1.771131439	0.048173697
1.771992981	0.048305014
1.773071388	0.048374893
1.773842241	0.048611917
1.774672239	0.048621157
1.775474637	0.048683677
1.776275063	0.048867841
1.777199692	0.04900148
1.778000118	0.049185924
1.778707884	0.049286723
1.779632514	0.049325887
1.780496027	0.049458223
1.781264909	0.049533805
1.782035763	0.049623051
1.782897305	0.049782726
1.783853479	0.049972334
1.784653905	0.050076248
1.785485874	0.050167533
1.786132524	0.05030804
1.786840289	0.05028718
1.787672259	0.050501061
1.788565345	0.050553514
1.789397315	0.050658737
1.790290401	0.050820268
1.791215031	0.050873778
1.792015456	0.050991977
1.79278631	0.051095774
1.79361828	0.051242337
1.794450249	0.051320731
1.795219131	0.051452019
1.795897325	0.05160813
1.796729294	0.051618364
1.797500148	0.051695229
1.798300574	0.051786677
1.799132543	0.05197494
1.800055202	0.052083789
1.800918715	0.052218419
1.801936005	0.05230277
1.802736431	0.052504356
1.803414625	0.052428036
1.804153934	0.052710403
1.80495436	0.052761261
1.805908562	0.052802897
1.806801648	0.052939013
1.807572502	0.053126674
1.808343355	0.053286952
1.809112237	0.053516128
1.809944207	0.053513191
1.810744633	0.05366088
1.81154703	0.053781164
1.812347456	0.054066987
1.813240542	0.05409363
1.814102084	0.05409172
1.814904481	0.054157081
1.815673363	0.054235296
1.816505333	0.054481336
1.817461507	0.054703655
1.818291505	0.054742475
1.819062358	0.054834901
1.819709008	0.054951334
1.820448317	0.055181474
1.821280287	0.055289856
1.822143801	0.055302203
1.823066459	0.055455073
1.823959545	0.05563493
1.824976835	0.05566596
1.825777261	0.055871007
1.826548114	0.056047504
1.827318968	0.056015531
1.82808785	0.056192137
1.828951363	0.05607949
1.829659129	0.056184738
1.830491099	0.056516761
1.831261952	0.056540561
1.832123494	0.056553218
1.832955464	0.056843938
1.833972754	0.056889444
1.83486584	0.056986967
1.83560515	0.056995959
1.836281371	0.057198627
1.837052225	0.057264581
1.837852651	0.057401425
1.838655048	0.057482458
1.839640794	0.057513275
1.84044122	0.057664357
1.84127319	0.057816539
1.842073616	0.057897748
1.842874041	0.058105229
1.843613351	0.05814257
1.844323088	0.058221097
1.84518463	0.058543187
1.846048144	0.058556535
1.846970802	0.05862797
1.847741656	0.058835244
1.848512509	0.058831654
1.849342507	0.05909733
1.850206021	0.059322055
1.851223311	0.059227875
1.851899533	0.059460914
1.85260927	0.059596495
1.85334858	0.059662591
1.854149005	0.059815355
1.854980975	0.059997482
1.855905605	0.060055636
1.856798691	0.060098667
1.857599117	0.060308355
1.858523747	0.06032423
1.859324172	0.060420961
1.860063482	0.060586543
1.860771248	0.06065208
1.861634761	0.060807735
1.862588964	0.060796378
1.863389389	0.060978496
1.864191787	0.061160813
1.864960669	0.061200231
1.865731522	0.061310721
1.866593064	0.061523703
1.867641898	0.061686194
1.868349664	0.061752227
1.86905743	0.061789844
1.869828283	0.061914938
1.870628709	0.06191297
1.871431106	0.062238614
1.872292648	0.062281516
1.873246851	0.062384537
1.87407882	0.062412244
1.874971906	0.062527602
1.875896536	0.062786857
1.876635846	0.062911575
1.877345583	0.062935368
1.878207125	0.063150069
1.879100211	0.063208698
1.879932181	0.063479902
1.88076415	0.063579561
1.881535004	0.063648578
1.882274313	0.063816835
1.883043195	0.063799911
1.883906709	0.064015551
1.884860911	0.064004942
1.885477988	0.064255483
1.886278414	0.064354537
1.88707884	0.064396206
1.887879266	0.064682134
1.888681663	0.064896482
1.889635865	0.065116219
1.890497407	0.065160295
1.891453581	0.065322803
1.892315123	0.065366958
1.893054433	0.065565378
1.893701082	0.065731892
1.894440392	0.065757554
1.895365022	0.065905044
1.896382312	0.065969281
1.897090077	0.066022777
1.897890503	0.066151739
1.898629813	0.066350899
1.89943221	0.066509038
1.900354869	0.066642582
1.901218382	0.066687333
1.901926148	0.066842427
1.902789661	0.067003103
1.903590087	0.067103724
1.904329397	0.067202248
1.90510025	0.067446928
1.905993336	0.067536568
1.906917966	0.067482257
1.907718392	0.067612211
1.908487274	0.067653986
1.909258127	0.067710372
1.910028981	0.06788307
1.910890523	0.068015487
1.911783609	0.068047275
1.912647123	0.068354573
1.913632869	0.068520873
1.914464838	0.068652651
1.915204148	0.068693738
1.91597303	0.068779641
1.916836544	0.068956517
1.917668513	0.069146982
1.918468939	0.069219644
1.919115589	0.069316001
1.919947558	0.069346051
1.920779528	0.069536897
1.921579954	0.069595122
1.922443467	0.069860484
1.92339767	0.06995371
1.924229639	0.070188985
1.925215386	0.070180987
1.925984267	0.070370247
1.926632888	0.070467258
1.927340654	0.070669157
1.928111508	0.070741443
1.92906571	0.070981984
1.929958796	0.071014846
1.930698105	0.071262449
1.931437415	0.071333834
1.932237841	0.071554561
1.933130927	0.07139638
1.933962897	0.071662598
1.934765294	0.071810124
1.93556572	0.071972406
1.936458806	0.07197614
1.937229659	0.072417596
1.937968969	0.07247473
1.938798967	0.072594299
1.939694024	0.072613051
1.940740887	0.07269655
1.941541313	0.072889066
1.942280622	0.072887258
1.942958816	0.073090148
1.943759241	0.07329777
1.944622755	0.073330333
1.945545413	0.073320707
1.946408927	0.073605068
1.947209353	0.073827983
1.948041322	0.073889178
1.948812176	0.073977741
1.949673718	0.074084634
1.950505688	0.074056871
1.951306114	0.074310014
1.952169627	0.074149761
1.952938509	0.074505942
1.953770479	0.074507944
1.954480216	0.074906867
1.955280642	0.074878023
1.956142184	0.075044998
1.957191018	0.07515971
1.958084104	0.075298318
1.958823413	0.075311841
1.959470063	0.075679685
1.960238945	0.075590036
1.961009798	0.075739153
1.961841768	0.075845937
1.962766398	0.076001183
1.963566824	0.076226441
1.964398793	0.076512885
1.965260336	0.076561398
1.966123849	0.076684815
1.966863159	0.076803462
1.967602468	0.077026995
1.968434438	0.076700033
1.969266408	0.076747437
1.970189066	0.07679839
1.971021036	0.077040822
1.971821462	0.07738724
1.972623859	0.07747878
1.973424285	0.077585311
1.974410031	0.077954637
1.975117797	0.078012644
1.975857106	0.078237325
1.97662796	0.078508534
1.977398813	0.078584297
1.978260355	0.078723922
1.979153441	0.079075765
1.980078071	0.079007225
1.980910041	0.079281628
1.981771583	0.079195453
1.982603553	0.079379584
1.98331329	0.079423094
1.983989512	0.079706854
1.984853025	0.079862389
1.985838771	0.079811374
1.986700313	0.080057672
1.987502711	0.080135383
1.988271593	0.080347962
1.98898133	0.080558285
1.989842872	0.080562893
1.990828618	0.080739161
1.991567928	0.080723674
1.992275693	0.080949467
1.993107663	0.081134954
1.993910061	0.081167617
1.994710486	0.08116984
1.995603572	0.081494739
1.996589318	0.081595774
1.997360172	0.081733681
1.99819017	0.081919714
1.999053684	0.081833408
1.999761449	0.081938475
2.000471187	0.082226369
2.001271612	0.082426803
2.002164698	0.082463587
2.003028212	0.08265159
2.003921298	0.082718943
2.00469018	0.082872733
2.00542949	0.083055915
2.006231887	0.083134951
2.007154545	0.083249561
2.008079175	0.083379604
2.008696252	0.083588669
2.009496678	0.083683149
2.010297104	0.083777678
2.01109753	0.08379573
2.011961043	0.084107321
2.012854129	0.084297841
2.013686099	0.084302034
2.014579185	0.084523402
2.015503815	0.084608212
2.016272697	0.084901346
2.01695089	0.084960603
2.017721744	0.085131274
2.018644402	0.085262378
2.019630148	0.085473084
2.020369458	0.085688881
2.021140311	0.085844628
2.021911165	0.085938918
2.022680047	0.086017779
2.023573133	0.086117359
2.024436646	0.086292768
2.025175956	0.086447579
2.026037498	0.086468937
2.026869467	0.086782098
2.027608777	0.086798321
2.028379631	0.086985687
2.029241173	0.087161622
2.030197346	0.087279945
2.030997772	0.087360726
2.031798198	0.087426081
2.032537508	0.087535234
2.033247245	0.087596748
2.034047671	0.087971788
2.034909213	0.087931617
2.035741183	0.088045032
2.036604696	0.088159875
2.037558898	0.088263206
2.038359324	0.088499543
2.039191294	0.088675335
2.040023264	0.088556261
2.04091635	0.088828011
2.041809436	0.088944575
2.042487629	0.089160647
2.043319599	0.089196965
2.044151568	0.089264396
2.044983538	0.089409668
2.045815508	0.089632876
2.04667705	0.089686198
2.047416359	0.089889992
2.048372533	0.08996315
2.049172959	0.090076279
2.049851152	0.090246491
2.050558918	0.0904181
2.051359344	0.090422171
2.05225243	0.090711432
2.05317706	0.090674174
2.053916369	0.090910027
2.054655679	0.091146027
2.055456105	0.091337962
2.056349191	0.091502844
2.057244248	0.09163661
2.058044674	0.091640939
2.058813556	0.091894532
2.05967707	0.091980099
2.060477495	0.092141292
2.061277921	0.092396704
2.062048775	0.092666652
2.062912288	0.092721157
2.063898034	0.092953946
2.064728033	0.092912761
2.065560002	0.093028798
2.066206652	0.093199443
2.066945961	0.093358632
2.067777931	0.09339621
2.068609901	0.093606959
2.069534531	0.093774799
2.070396073	0.093939889
2.071381819	0.09412649
2.072152672	0.094208828
2.072923526	0.09425965
2.073692408	0.09446821
2.074431717	0.094517676
2.075324803	0.094589956
2.076064113	0.094765849
2.076896083	0.094882855
2.07769848	0.094998573
2.078560022	0.095275244
2.079391992	0.095392503
2.080377738	0.095469389
2.08123928	0.095493087
2.082041677	0.095751734
2.082688327	0.095813173
2.083396093	0.096051853
2.084196518	0.096041171
2.085028488	0.096206451
2.085921574	0.096485779
2.086753544	0.096524262
2.087585513	0.096864603
2.088510143	0.096923401
2.089342113	0.097057414
2.090142539	0.097046877
2.090913392	0.097385007
2.091774934	0.097520649
2.092606904	0.09768684
2.093531534	0.097809666
2.094300416	0.09782965
2.095071269	0.097993212
2.095871695	0.097982799
2.096703665	0.098292957
2.097659839	0.098465494
2.098367604	0.098770195
2.09907537	0.098915333
2.09981468	0.099157915
2.100553989	0.099128883
2.101356387	0.099230718
2.102156812	0.09949249
2.103081442	0.099600273
2.103881868	0.099718236
2.104806498	0.099922245
2.105636496	0.100057795
2.106438894	0.100111955
2.107178203	0.100323492
2.108071289	0.100622703
2.109086608	0.100478555
2.109950121	0.100840843
2.110750547	0.100959415
2.111521401	0.10115698
2.11226071	0.101417449
2.113122252	0.10141057
2.114171086	0.10125174
2.114878852	0.101414396
2.115586618	0.10164154
2.116357471	0.101743
2.117157897	0.101958715
2.117989867	0.102095493
2.11885338	0.102153243
2.119746466	0.102599601
2.120515348	0.102523851
2.121378862	0.102678612
2.122271948	0.102883351
2.122979713	0.102933819
2.123689451	0.102935906
2.124458333	0.103134853
2.125321846	0.103192948
2.126183388	0.103445132
2.127139562	0.103556406
2.127939988	0.103789706
2.128710841	0.103940706
2.129479723	0.104107898
2.130404353	0.104072036
2.131328983	0.104214526
2.131944088	0.104309502
2.132776058	0.104609906
2.133546912	0.104631479
2.134286221	0.105008831
2.135086647	0.105048213
2.135948189	0.105155623
2.136843247	0.105557454
2.137797449	0.105572052
2.138722079	0.105747925
2.139461388	0.105914736
2.140108038	0.106060758
2.140847347	0.10617886
2.141740433	0.106451345
2.142757723	0.106518215
2.143433945	0.106649704
2.144297459	0.106888496
2.145097885	0.106863096
2.145961398	0.107200081
2.146947144	0.107232984
2.147686454	0.10726991
2.148362676	0.107548932
2.149255762	0.107822633
2.150087731	0.107897097
2.150858585	0.108099468
2.151659011	0.108106947
2.152552097	0.10826649
2.153537843	0.108545519
2.154308696	0.108830298
2.155109122	0.108870733
2.155755772	0.109001837
2.156465509	0.108939255
2.157234391	0.109273608
2.158097904	0.109383044
2.158959446	0.109344559
2.159884076	0.109605076
2.160869822	0.109852438
2.161670248	0.109942483
2.162441102	0.110212086
2.163273071	0.110205098
2.164105041	0.110263952
2.164966583	0.110522038
2.165613233	0.110769304
2.166445202	0.110844833
2.167216056	0.11096674
2.168048026	0.111174335
2.168879995	0.111316033
2.169834198	0.111431059
2.170727283	0.111724723
2.17171303	0.111791986
2.172391223	0.111859962
2.173006328	0.112023934
2.173745638	0.112144762
2.174577608	0.112320078
2.175594898	0.112687206
2.17645644	0.112284613
2.177195749	0.11285297
2.177935059	0.112974166
2.178705913	0.113130216
2.179537882	0.113256352
2.180369852	0.113399144
2.181170278	0.113606769
2.182002248	0.1139324
2.182895333	0.114078708
2.183756876	0.114190209
2.184527729	0.114479893
2.185359699	0.11449023
2.186221241	0.114601917
2.187177415	0.114768556
2.18797784	0.114943767
2.18871715	0.114999263
2.189334227	0.115164979
2.190103109	0.115455436
2.190996195	0.115352448
2.191889281	0.115716407
2.192784338	0.115780348
2.193614337	0.115941032
2.194509394	0.116238854
2.195248704	0.116328133
2.196078702	0.116438967
2.196881099	0.116631983
2.197681525	0.116758103
2.198543067	0.116920997
2.199282377	0.117161162
2.200114347	0.11723897
2.2008852	0.117481041
2.201746742	0.117476761
2.202578712	0.117604964
2.203534886	0.117588939
2.204396428	0.1177859
2.205167281	0.117944564
2.205845474	0.118031199
2.206675473	0.118445069
2.20747787	0.118286542
2.20830984	0.118717661
2.209202926	0.118883363
2.210003352	0.119094625
2.210896438	0.119243707
2.211789523	0.119561195
2.212621493	0.119589329
2.213360803	0.119764043
2.214100112	0.119955698
2.214963626	0.120154191
2.215793624	0.120350982
2.216625594	0.120497387
2.217396447	0.120775543
2.218196873	0.120836021
2.219028843	0.121067106
2.219921929	0.121132726
2.220907675	0.120949888
2.221554324	0.121543029
2.222264062	0.12158186
2.223003371	0.12175765
2.223772253	0.121748992
2.224574651	0.122199238
2.225528853	0.122319402
2.226483055	0.12254129
2.227376141	0.122488737
2.228271198	0.122775369
2.22904008	0.123021299
2.229718274	0.123296294
2.230396467	0.123265899
2.231228437	0.123413762
2.232182639	0.123534491
2.232953492	0.123883036
2.233815035	0.123845834
2.234647004	0.124011004
2.235417858	0.124070795
2.236310944	0.124205459
2.23738935	0.124299408
2.23812866	0.124698173
2.238836425	0.124635376
2.239636851	0.124935602
2.240407705	0.124961553
2.241147014	0.125053957
2.241978984	0.12525394
2.242933186	0.1256145
2.243765156	0.125626943
2.244597126	0.125793099
2.245458668	0.126046447
2.246229521	0.126055529
2.246937287	0.126249148
2.24770814	0.126480624
2.248601226	0.126633555
2.249433196	0.126885836
2.250294738	0.127071438
2.251126708	0.127101286
2.251929105	0.127266557
2.252759103	0.127330608
2.253622617	0.127430868
2.254608363	0.127829774
2.255193896	0.128120414
2.255933206	0.12811091
2.256702088	0.128429362
2.257534058	0.128562613
2.258458687	0.128821521
2.259383317	0.129114987
2.260183743	0.129281134
2.261108373	0.129316814
2.261940343	0.129553752
2.262709225	0.12964945
2.263326302	0.129702032
2.264034067	0.129759822
2.264897581	0.129895496
2.265912899	0.130160659
2.266652209	0.130323877
2.267484179	0.130578788
2.268255032	0.130657704
2.269116574	0.130793675
2.27000966	0.130914256
2.27084163	0.131100492
2.271519823	0.131329803
2.272383337	0.131362434
2.273244879	0.13161984
2.274045305	0.131839248
2.274847702	0.131989641
2.275740788	0.132093417
2.276726534	0.132323901
2.277588076	0.132425973
2.278388502	0.132507191
2.279066696	0.132772112
2.279776433	0.132917559
2.280576859	0.13294687
2.281469945	0.133172561
2.282301914	0.133273231
2.283163456	0.133601551
2.284056542	0.133792871
2.28485894	0.133683375
2.285627822	0.133971883
2.286520908	0.134163441
2.287415965	0.134407448
2.288216391	0.134733107
2.288831497	0.13469965
2.28969501	0.134837595
2.290556552	0.134958058
2.291388522	0.135111707
2.292220492	0.135404988
2.293084005	0.135525802
2.293852887	0.13565853
2.294745973	0.135833593
2.295485283	0.135982172
2.296163476	0.136214568
2.296902786	0.136310867
2.297673639	0.136531475
2.298566725	0.136689501
2.299552471	0.136783121
2.300291781	0.136949639
2.301153323	0.13705347
2.302016837	0.137455282
2.302878379	0.137717034
2.303680776	0.137800083
2.304420086	0.138089831
2.305220511	0.138120252
2.306113597	0.138121111
2.306945567	0.138469404
2.307745993	0.138605262
2.308485303	0.138667234
2.309317272	0.138910531
2.310303018	0.139022572
2.311103444	0.139193856
2.311874298	0.13952179
2.312552491	0.139703513
2.313321373	0.139802778
2.314153343	0.140082007
2.315139089	0.140212153
2.316063719	0.140338655
2.316956805	0.140516201
2.317818347	0.140744845
2.318620744	0.140581822
2.31942117	0.140912779
2.320192023	0.141047899
2.321022022	0.141327985
2.321917079	0.141205779
2.322747077	0.141645147
2.323579047	0.141731249
2.324288784	0.142075247
2.325057666	0.142069163
2.325796976	0.142238238
2.326660489	0.142397288
2.327585119	0.142489305
2.328324429	0.142605441
2.329032194	0.142950111
2.329771504	0.142960028
2.330542358	0.143291109
2.331372356	0.143359883
2.332328529	0.143525179
2.333253159	0.143670862
2.334207362	0.143925023
2.335039331	0.144242879
2.335808213	0.14455702
2.336547523	0.144602774
2.33734992	0.144830312
2.338211462	0.14493708
2.339043432	0.145220063
2.339906946	0.145291482
2.340736944	0.145538971
2.341539341	0.145677961
2.342308223	0.145743623
2.343140193	0.146062872
2.344096367	0.146265191
2.344772588	0.146467986
2.345511898	0.146496318
2.346314295	0.146600003
2.347083177	0.146773078
2.347915147	0.146985921
2.348808233	0.147399336
2.349671747	0.147328353
2.350533289	0.14774014
2.351396802	0.147722836
2.352165684	0.147914346
2.352875421	0.148138039
2.353614731	0.148095027
2.354446701	0.148201131
2.355432447	0.148263179
2.356140213	0.148469109
2.356940638	0.148645107
2.357741064	0.148785304
2.358573034	0.148981402
2.359436548	0.149089815
2.36048341	0.149389498
2.361254263	0.149600013
2.361993573	0.149664829
2.362825543	0.149771491
2.363625968	0.149822227
2.36439485	0.15017686
2.365289908	0.150395717
2.366305226	0.150622351
2.36707608	0.150797518
2.367815389	0.151006796
2.368615815	0.151093895
2.369355125	0.151285308
2.370062891	0.151492833
2.370865288	0.151688466
2.371758374	0.152034405
2.3725588	0.152230162
2.37348343	0.152452056
2.374344972	0.152615811
2.375147369	0.152793917
2.375947795	0.152628427
2.376809337	0.152738037
2.377702423	0.152397335
2.378351044	0.152330307
2.379212586	0.152222528
2.380013012	0.152219401
2.380844982	0.152272612
2.381738068	0.152619745
2.382631154	0.152731371
2.383433551	0.152746529
2.384356209	0.152987117
2.385127063	0.153000274
2.385834828	0.15308199
2.386483449	0.153359713
2.387252331	0.153445458
2.388176961	0.153595765
2.389194251	0.153933931
2.389933561	0.154163446
2.390763559	0.154016846
2.391534412	0.154212109
2.392366382	0.154247549
2.393227924	0.154612723
2.394030322	0.154755659
2.394769631	0.1549857
2.395692289	0.154899556
2.396555803	0.155028343
2.397263569	0.155092371
2.398002878	0.155486945
2.398895964	0.155690904
2.39988171	0.155791408
2.400652564	0.156078956
2.40145299	0.156185824
2.402192299	0.156343596
2.402931609	0.156318565
2.403734006	0.156608576
2.404595548	0.156737906
2.405488634	0.15690596
2.406413264	0.157131094
2.40739901	0.15719546
2.40813832	0.157646924
2.408816513	0.15767299
2.409616939	0.157780397
2.410417365	0.158089626
2.411310451	0.158423464
2.412020188	0.158506806
2.412913274	0.158583859
2.413745244	0.158693647
2.414577213	0.158876976
2.415470299	0.159119566
2.416392958	0.159198735
2.417102695	0.159595
2.417995781	0.159598763
2.418703547	0.159866365
2.41938174	0.160205788
2.420089506	0.160547338
2.420891903	0.160490026
2.421814561	0.160864517
2.422800308	0.160671856
2.423539617	0.16107132
2.424342014	0.161050848
2.42514244	0.161270127
2.426003982	0.161327419
2.426774836	0.161581834
2.427606806	0.161951303
2.428468348	0.162156631
2.429424521	0.1621835
2.430256491	0.162146565
2.430995801	0.162436401
2.431796227	0.162545405
2.432657769	0.162714073
2.433643515	0.16285409
2.434414368	0.163016834
2.435092562	0.163006653
2.435770755	0.162922292
2.436510064	0.163342596
2.437340063	0.163416788
2.438264693	0.163738567
2.439281983	0.163844009
2.440175069	0.164182555
2.441068154	0.1642798
2.441807464	0.164348137
2.442578318	0.16440002
2.443317627	0.16482167
2.444149597	0.165119604
2.445042683	0.165068293
2.445811565	0.165324949
2.446675078	0.165401939
2.44744396	0.165509795
2.44827593	0.165864173
2.4491079	0.166293308
2.450093646	0.166378886
2.450957159	0.166437525
2.451633381	0.166558076
2.452311575	0.166678803
2.453050884	0.167102424
2.45385131	0.167250322
2.45468328	0.167381752
2.455639454	0.167596458
2.456500996	0.167860901
2.457364509	0.167826401
2.458196479	0.16805159
2.458965361	0.168104154
2.459675098	0.168190112
2.460414408	0.168521535
2.461337066	0.168659657
2.46220058	0.16870009
2.463062122	0.168815354
2.463832975	0.168868187
2.464603829	0.169239881
2.465372711	0.169348966
2.46620468	0.169499958
2.46731463	0.169576244
2.468022396	0.169812713
2.468730162	0.169654744
2.469501015	0.169970831
2.470271869	0.170005088
2.471133411	0.170139604
2.472058041	0.170372585
2.472919583	0.17060134
2.473751553	0.170715214
2.474676182	0.17076019
2.475476608	0.170928457
2.476123258	0.170991952
2.476801451	0.171359224
2.477633421	0.171209372
2.478558051	0.171405304
2.479326933	0.171760373
2.480158902	0.172006759
2.480990872	0.172158864
2.481854386	0.172332111
2.482777044	0.172490652
2.483916566	0.17256982
2.48459476	0.173089653
2.485334069	0.173254643
2.486227155	0.173316901
2.486998009	0.173522053
2.487768862	0.173556904
2.48859886	0.173917834
2.489493918	0.174018277
2.490233228	0.17424052
2.490972537	0.174311206
2.491802535	0.174464104
2.492541845	0.17466762
2.493251582	0.174888127
2.494020464	0.17498002
2.494945094	0.175139829
2.495808608	0.17540938
2.49676281	0.175780462
2.497626323	0.175708202
2.498426749	0.175840568
2.499195631	0.176141939
2.500090689	0.176224048
2.500983775	0.176325066
2.501630424	0.176713345
2.502462394	0.176410268
2.503231276	0.176712126
2.504063245	0.176923312
2.504956331	0.177215175
2.505849417	0.177354639
2.506651815	0.177392353
2.507513357	0.177529656
2.508345327	0.177722184
2.50902352	0.177846614
2.509701713	0.178009284
2.510502139	0.178180692
2.511426769	0.178303655
2.512412515	0.178450122
2.513088737	0.178708532
2.513920707	0.178959013
2.51469156	0.17899475
2.515584646	0.17923062
2.516509276	0.179296498
2.517278158	0.179447066
2.518017467	0.179768051
2.518973641	0.179912996
2.519835183	0.180089591
2.52054492	0.180428048
2.521313802	0.18065578
2.522145772	0.180677003
2.523163062	0.181095516
2.523995032	0.181136021
2.524763914	0.181306486
2.525410563	0.181621993
2.5261203	0.181711485
2.526920726	0.181653677
2.527782268	0.18208112
2.528645782	0.182066345
2.529599984	0.182443067
2.530556158	0.182685356
2.531295468	0.18279652
2.532003233	0.182982517
2.532803659	0.183213842
2.533574513	0.183404572
2.534467599	0.18348851
2.535206908	0.183657797
2.536038878	0.183756668
2.536870848	0.18393279
2.537671273	0.184126012
2.538471699	0.184357956
2.539396329	0.184328479
2.540228299	0.18458219
2.541152929	0.184784751
2.541921811	0.185053455
2.542631548	0.184989023
2.54340043	0.185199812
2.544263943	0.185456317
2.545310806	0.185726332
2.546172348	0.18576982
2.546911657	0.186056355
2.547714055	0.186095582
2.548514481	0.186231629
2.54934645	0.186350629
2.55008576	0.186579334
2.550886186	0.186599072
2.551657039	0.186888488
2.552518581	0.186912738
2.553319007	0.187146236
2.554121404	0.18736055
2.554953374	0.187713241
2.555876033	0.187644871
2.556832206	0.18808478
2.557571516	0.188255949
2.558279282	0.188346985
2.559018591	0.188557215
2.559819017	0.188849966
2.560682531	0.188874696
2.56160716	0.189254812
2.562500246	0.189203785
2.563332216	0.189460293
2.564193758	0.189738629
2.564933068	0.189851895
2.565733494	0.190184507
2.566443231	0.190256648
2.567243657	0.190413673
2.568260947	0.190508672
2.569061373	0.190841766
2.569893342	0.190825337
2.570662224	0.190999812
2.571464622	0.191274697
2.572265047	0.191353812
2.57321925	0.191581461
2.574112336	0.191628363
2.574822073	0.191857556
2.575498295	0.192103948
2.576269148	0.192122233
2.577132662	0.192559273
2.578025748	0.192704482
2.579011494	0.192915555
2.579780376	0.193031968
2.580612345	0.19311386
2.581412771	0.193193403
2.582183625	0.193349351
2.58289139	0.193795481
2.5836307	0.193634666
2.584494214	0.193896073
2.585326183	0.194174917
2.586187725	0.194318352
2.587019695	0.194636809
2.587851665	0.194896348
2.588683635	0.195018107
2.589515604	0.195179319
2.590530923	0.195413566
2.59124066	0.195565705
2.592041086	0.195685294
2.592841512	0.195804919
2.593580821	0.195998916
2.594412791	0.196278977
2.595305877	0.196425548
2.596198963	0.196493141
2.597030933	0.197010687
2.597894446	0.197056423
2.598633756	0.197112501
2.599280405	0.19755718
2.600019715	0.197593584
2.600912801	0.197681249
2.601898547	0.197954184
2.6026694	0.198230711
2.603469826	0.198410554
2.604270252	0.198471555
2.605041106	0.198609603
2.605873075	0.198831685
2.606858821	0.19910529
2.607598131	0.199062533
2.608367013	0.199399137
2.609230527	0.199643864
2.610062496	0.19986643
2.610862922	0.20002707
2.611724464	0.200132828
2.612680638	0.200245865
2.61344952	0.200523577
2.61428149	0.200806264
2.615052343	0.201064489
2.615698993	0.201014676
2.616469846	0.201332775
2.617362932	0.201381577
2.618287562	0.201671906
2.61921022	0.201902438
2.620103306	0.201891522
2.620905704	0.20195335
2.621613469	0.202287207
2.622352779	0.202344253
2.623153205	0.202865166
2.624016718	0.202991856
2.624724484	0.203306285
2.625587998	0.203353189
2.626388423	0.203535109
2.627188849	0.203717102
2.628052363	0.203884062
2.629006565	0.204078135
2.629838535	0.204482955
2.630731621	0.204652501
2.631532047	0.204734795
2.632241784	0.205030401
2.632981093	0.205208214
2.633781519	0.20543095
2.634735721	0.205786094
2.635691895	0.205860776
2.636368117	0.206214547
2.637170514	0.206237171
2.63787828	0.206372821
2.63871025	0.206598562
2.639571792	0.206967338
2.640374189	0.207090536
2.641081955	0.207065649
2.642036157	0.207321422
2.642899671	0.207670769
2.643700097	0.207794023
2.644532066	0.208080799
2.645517812	0.208218761
2.646596219	0.208505054
2.647303984	0.20884287
2.648013722	0.208737642
2.648660371	0.208707987
2.649431224	0.208970359
2.650261223	0.209257688
2.651124736	0.209588156
2.651986278	0.209716814
2.652910908	0.210012019
2.653803994	0.209981736
2.654543304	0.210323062
2.655221497	0.210376796
2.656053467	0.210523568
2.656915009	0.210692956
2.657778523	0.210862565
2.658456716	0.211098458
2.659286714	0.211407222
2.660089111	0.211410278
2.660857993	0.211734636
2.661721507	0.212005915
2.662646137	0.212221408
2.663476135	0.212611881
2.664432309	0.212708485
2.665171618	0.212706657
2.665849812	0.212943376
2.666589121	0.213144487
2.667421091	0.213413987
2.668404866	0.213655157
2.669299923	0.21395028
2.670039233	0.214131457
2.670808115	0.214457355
2.671578968	0.214681905
2.67244051	0.214974857
2.67327248	0.215001093
2.674135994	0.215314755
2.674904876	0.215580233
2.675768389	0.215853462
2.676537271	0.216098812
2.677339668	0.216224723
2.678140094	0.216391274
2.67903318	0.216748872
2.679989354	0.216846627
2.680819352	0.217077001
2.681558662	0.217198089
2.682236855	0.217334671
2.683037281	0.217644554
2.683930367	0.217941682
2.684886541	0.218162356
2.685748083	0.218436756
2.686641169	0.218570731
2.687473138	0.218699774
2.688212448	0.21884177
2.689014845	0.218968484
2.689783727	0.219153916
2.690554581	0.219462435
2.691447667	0.219781077
2.692186976	0.219902913
2.693018946	0.220175818
2.693758256	0.220359266
2.694590225	0.220201749
2.695422195	0.220597947
2.696376397	0.221065928
2.697301027	0.22118279
2.698040337	0.221489811
2.698716559	0.221463171
2.699518956	0.221672828
2.700319382	0.222211214
2.701151351	0.222300234
2.702105554	0.222481583
2.70290598	0.222897178
2.703769493	0.222906658
2.704569919	0.223219641
2.705370345	0.223615124
2.706109654	0.223738016
2.706880508	0.223781149
2.707773594	0.224143481
2.708637107	0.22437987
2.709559766	0.224600647
2.710330619	0.224788304
2.711101473	0.224893501
2.711901899	0.225475862
2.712733868	0.225668903
2.713749187	0.225608798
2.71442738	0.226160966
2.71516669	0.226201901
2.715967116	0.226392601
2.716769513	0.226666242
2.717631055	0.226841533
2.718587229	0.227169618
2.719448771	0.227386481
2.720249197	0.227577621
2.721081166	0.227688641
2.72185202	0.228084571
2.722559786	0.22814388
2.723269523	0.228286254
2.724099521	0.228583876
2.725024151	0.22870294
2.72576346	0.228910196
2.726626974	0.229044966
2.727458944	0.229260152
2.728288942	0.229537551
2.729152455	0.229900978
2.730169745	0.229862008
2.730877511	0.230212559
2.731585277	0.230251435
2.732387674	0.230485426
2.733217672	0.230742646
2.73402007	0.231039261
2.734881612	0.231028812
2.735867358	0.231590964
2.736667784	0.231700374
2.737499754	0.232041646
2.738331723	0.232153846
2.739071033	0.232195679
2.739810342	0.232633668
2.740642312	0.23270431
2.741566942	0.232991462
2.742428484	0.233252517
2.74332157	0.233579009
2.744092424	0.233853478
2.744800189	0.234289794
2.745509926	0.23451753
2.746371469	0.234528419
2.747327642	0.234881878
2.748003864	0.235169737
2.748835834	0.235240936
2.749606687	0.235830041
2.750407113	0.235794034
2.751270627	0.235951817
2.752163713	0.236049353
2.752995682	0.236434979
2.753857225	0.236718549
2.754720738	0.236939527
2.75548962	0.23706857
2.756199357	0.237066706
2.756968239	0.237405598
2.757863297	0.237818486
2.758847071	0.238029294
2.759586381	0.238387101
2.760481438	0.238401395
2.761281864	0.238722694
2.762143406	0.238902282
2.763036492	0.239168775
2.763807346	0.239277567
2.764515111	0.239654426
2.765439741	0.23990295
2.766242139	0.240162027
2.766949904	0.240265589
2.767689214	0.240224471
2.768521184	0.240507377
2.769443842	0.240735065
2.770275812	0.240933881
2.771107781	0.241174951
2.771878635	0.241389705
2.772586401	0.241683445
2.773386826	0.242006494
2.77425034	0.242208523
2.775111882	0.242178143
2.776036512	0.242554606
2.776929598	0.242865106
2.777700451	0.243143916
2.778471305	0.243486279
2.779301303	0.24364362
2.780133273	0.24365308
2.78093567	0.244019698
2.781643436	0.244357003
2.782475406	0.244408913
2.783307375	0.244587902
2.784139345	0.244957648
2.785000887	0.245181813
2.785925517	0.245644848
2.786757487	0.245930288
2.787743233	0.246144574
2.788512115	0.246233684
2.789158764	0.246587956
2.789868501	0.246650703
2.790637383	0.247058483
2.791593557	0.247164379
2.792455099	0.247495678
2.793225953	0.247797831
2.794026379	0.248038948
2.794889892	0.248094336
2.795782978	0.24859915
2.79655186	0.248539822
2.797354257	0.248909178
2.798154683	0.24910817
2.799016225	0.249291377
2.799818623	0.249362841
2.800557932	0.249684446
2.801297242	0.249814316
2.802158784	0.250083075
2.803176074	0.250493862
2.804008044	0.250760263
2.80480847	0.250810499
2.805486663	0.250977897
2.806255545	0.251174821
2.807087515	0.251334738
2.808012144	0.251738075
2.808997891	0.251911957
2.809890976	0.252334197
2.810722946	0.252537253
2.811462256	0.252817641
2.812170021	0.253116704
2.812940875	0.253121864
2.813711728	0.253491016
2.814634387	0.253681241
2.815373696	0.253940708
2.816205666	0.253972885
2.816944976	0.254361127
2.817808489	0.254610656
2.818670031	0.255117524
2.819748438	0.25553702
2.820673067	0.255599347
2.821412377	0.255816644
2.822027483	0.256065705
2.822766792	0.256261682
2.82356919	0.256570899
2.824369615	0.256880071
2.825294245	0.256985668
2.826063127	0.257399722
2.826926641	0.257564427
2.827819727	0.257774922
2.828651696	0.257979923
2.829391006	0.258241144
2.830098772	0.258456509
2.830962285	0.258664636
2.831823827	0.259045072
2.832716913	0.259148326
2.833548883	0.259504774
2.834380853	0.259926098
2.835181279	0.260172115
2.836044792	0.260402439
2.837060111	0.260214981
2.83779942	0.260822706
2.838509158	0.261039153
2.839248467	0.261258396
2.840017349	0.261393986
2.840819746	0.261640796
2.841742405	0.261898786
2.842605918	0.262216334
2.843437888	0.262682592
2.844269858	0.262672867
2.845009167	0.262849401
2.845748477	0.263155934
2.846456243	0.263199721
2.847317785	0.263496075
2.848273959	0.263714619
2.849074384	0.263983871
2.84987481	0.264231543
2.850677208	0.264696443
2.851507206	0.264751811
2.852402263	0.265247361
2.853449126	0.26534471
2.854156891	0.265584295
2.854835085	0.265908117
2.855574394	0.266194298
2.85637482	0.266355865
2.85720679	0.266824844
2.858099876	0.2669735
2.859117166	0.267481943
2.859949136	0.267886255
2.860688445	0.267846651
2.861457327	0.268158185
2.862167064	0.268311826
2.86287483	0.268530687
2.8637068	0.269001012
2.86463143	0.269305876
2.865492972	0.269474099
2.866417601	0.269779197
2.867218027	0.270378224
2.867988881	0.270516394
2.868757763	0.270785407
2.869713936	0.270853822
2.870668139	0.27103127
2.871253672	0.271326917
2.872054098	0.271533699
2.872856495	0.271653287
2.873656921	0.272057017
2.874457347	0.272220299
2.875381977	0.272636104
2.876275063	0.2728959
2.877260809	0.273186498
2.878061235	0.273306302
2.878739428	0.273721236
2.879417621	0.273939115
2.880186503	0.274099941
2.881142677	0.274366349
2.882157995	0.274528839
2.882928849	0.274843605
2.883699702	0.275377959
2.884439012	0.275602221
2.885207894	0.27589526
2.88610098	0.276112446
2.886964493	0.276304912
2.887672259	0.276636365
2.888535773	0.277004865
2.889367742	0.277018682
2.890107052	0.277551453
2.890875934	0.277603292
2.891800564	0.27780212
2.892754766	0.278356098
2.893557163	0.278499372
2.894357589	0.278642492
2.895096899	0.27915432
2.895804665	0.279376832
2.89660509	0.279784717
2.897468604	0.280022479
2.89836169	0.280241136
2.899254776	0.280724646
2.900147862	0.281208401
2.900918715	0.281481839
2.901626481	0.281660927
2.902428878	0.281871346
2.903290421	0.281955016
2.904153934	0.282326198
2.904893244	0.282707571
2.905723242	0.282810461
2.906525639	0.283043395
2.907326065	0.283386851
2.908158035	0.283645003
2.909082665	0.284111551
2.909944207	0.284439295
2.910929953	0.284535649
2.911608146	0.284779208
2.91228634	0.285133666
2.912994105	0.285269468
2.913794531	0.285414379
2.914687617	0.285967677
2.915580703	0.285922168
2.916351556	0.286486042
2.91721507	0.286770678
2.918108156	0.287013925
2.919001242	0.28716841
2.919709008	0.287571339
2.920540977	0.287697735
2.921404491	0.288182991
2.922358693	0.28847728
2.923222207	0.288762742
2.923959545	0.288924587
2.924730398	0.289267856
2.925562368	0.289595051
2.926455454	0.289839355
2.927226308	0.290183028
2.928026733	0.290396076
2.928734499	0.29082289
2.929473809	0.290963186
2.930305778	0.291313428
2.931261952	0.291854643
2.932184611	0.292169658
2.933048124	0.292746774
2.933880094	0.293008436
2.934619403	0.293238606
2.935388285	0.293404793
2.936127595	0.293746829
2.936929992	0.29391651
2.937823078	0.294497759
2.938530844	0.294680525
2.939362814	0.294831065
2.94016324	0.295045605
2.941056326	0.295426198
2.941888295	0.295688879
2.942905585	0.296082282
2.943798671	0.296665008
2.944569525	0.296899556
2.945216174	0.296897515
2.945955484	0.2971514
2.94675591	0.297523673
2.947587879	0.297809564
2.948480965	0.29825882
2.949374051	0.298506282
2.950328253	0.2989172
2.951191767	0.299408961
2.951899533	0.299413371
2.95260927	0.299575242
2.95334858	0.299830061
2.954180549	0.300139348
2.955010547	0.300426072
2.955905605	0.300629547
2.956706031	0.300890967
2.957506457	0.301129976
2.958338426	0.30146234
2.959199968	0.301978024
2.960156142	0.302390989
2.960802792	0.302524644
2.961542101	0.302622723
2.962312955	0.302994567
2.963113381	0.30327939
2.963974923	0.30372848
2.964899552	0.304161689
2.965792638	0.304411304
2.966624608	0.304948239
2.967456578	0.305417677
2.968288548	0.305390357
2.968996313	0.305711721
2.969735623	0.306081656
2.970599136	0.306261084
2.971553339	0.306721293
2.972353765	0.307731359
2.973217278	0.307888642
2.97407882	0.308045759
2.97481813	0.308394007
2.975620527	0.308635709
2.976574729	0.308961208
2.977314039	0.309332506
2.978084892	0.309480588
2.978946435	0.310023535
2.97974686	0.309993452
2.980517714	0.310413888
2.981349684	0.310682049
2.982274313	0.31120963
2.983074739	0.311247752
2.983906709	0.311743313
2.984829367	0.31193057
2.985568677	0.312325929
2.986278414	0.312491082
2.987110384	0.312782738
2.98800347	0.312762555
2.98883544	0.313168085
2.989696982	0.31346313
2.990436291	0.313586162
2.991207145	0.313940165
2.991976027	0.314248563
2.992871084	0.314456455
2.993732626	0.314615326
2.99441082	0.314823329
2.995242789	0.315161543
2.996043215	0.315268566
2.996843641	0.315421214
2.997675611	0.315691287
2.998600241	0.315994045
2.999493326	0.315517479
3.000447529	0.314978487
3.001279498	0.315385596
3.001957692	0.315502555
3.002604341	0.315844728
3.003375195	0.315994384
3.004360941	0.316784025
3.005376259	0.316799593
3.006085996	0.317514974
3.006886422	0.317576634
3.007657276	0.31795561
3.008457702	0.318292077
3.009411904	0.318782377
3.010182757	0.318864032
3.010890523	0.319420197
3.011754037	0.319580567
3.012554462	0.320169886
3.013325316	0.320343541
3.014155314	0.320798798
3.015079944	0.32126434
3.016036118	0.321458035
3.016775427	0.321927131
3.017605426	0.322268318
3.018376279	0.322396584
3.019084045	0.322633015
3.019886442	0.323040516
3.020747984	0.323477511
3.021611498	0.323868922
3.022504584	0.324516702
3.02339767	0.324589581
3.024105435	0.325171885
3.024815173	0.325110081
3.025676715	0.325709263
3.026508684	0.325821856
3.027340654	0.326280048
3.028018847	0.32628401
3.028819273	0.326577713
3.029651243	0.326874929
3.030483213	0.327356763
3.031376299	0.327545515
3.032269385	0.328149701
3.033194015	0.328526767
3.034179761	0.329049175
3.034887526	0.329102834
3.035534176	0.329219159
3.036273485	0.329530412
3.037105455	0.329990522
3.038122745	0.330540356
3.039045403	0.33075638
3.039784713	0.331160717
3.040555567	0.331267835
3.041355992	0.331841102
3.042187962	0.33227916
3.042927272	0.332452541
3.043698125	0.332722069
3.044467007	0.33322317
3.045391637	0.33360249
3.046255151	0.334068012
3.047024032	0.334476976
3.04782643	0.334773812
3.048687972	0.335007653
3.049734834	0.335656508
3.050566804	0.335910587
3.051337657	0.336158021
3.052015851	0.336302416
3.05275516	0.336732369
3.053585159	0.337172504
3.054448672	0.337639779
3.055312186	0.337967752
3.056142184	0.338547988
3.056974154	0.338779738
3.057745007	0.339190953
3.058513889	0.339695218
3.059345859	0.340020448
3.060148256	0.340109628
3.061070915	0.340701386
3.061841768	0.340926993
3.062673738	0.341322635
3.06344262	0.34168809
3.064274589	0.341780886
3.065076987	0.342196951
3.065999645	0.342603294
3.066892731	0.343029851
3.067663585	0.343372877
3.06837135	0.343755667
3.069142204	0.344098957
3.06994263	0.344352241
3.070835716	0.344826339
3.071884549	0.345154517
3.072716519	0.345785838
3.073609605	0.346073471
3.074410031	0.346491158
3.075149341	0.346878718
3.075857106	0.347099004
3.076566843	0.347202509
3.077398813	0.347530601
3.078228811	0.34790545
3.079123869	0.348100343
3.079953867	0.348803603
3.080785837	0.348897824
3.08155669	0.349336898
3.082418232	0.349692607
3.083435522	0.350324269
3.084174832	0.350572567
3.084914142	0.350961807
3.085684995	0.351166921
3.086453877	0.351982583
3.087256274	0.352215059
3.088086272	0.35261527
3.08898133	0.352905538
3.089781756	0.353396728
3.090767502	0.353838779
3.091536384	0.354397356
3.092246121	0.354455183
3.092953887	0.354771697
3.093754313	0.355240221
3.094740059	0.355848003
3.095510912	0.356101545
3.096342882	0.356857052
3.097143308	0.357020013
3.097882617	0.357482451
3.098714587	0.357767116
3.099731877	0.358356369
3.100500759	0.358634026
3.101210496	0.359117343
3.102010922	0.359398891
3.102842892	0.35992033
3.103674862	0.360253036
3.104506831	0.360562243
3.105461033	0.361122105
3.106293003	0.361573451
3.107124973	0.361906756
3.107986515	0.362125369
3.108757368	0.36249909
3.109496678	0.362821941
3.110297104	0.363152041
3.111221734	0.363828258
3.11211482	0.364098486
3.112915246	0.3647607
3.113624983	0.364843865
3.114393865	0.365336888
3.115194291	0.36576269
3.116057804	0.366338363
3.116982434	0.366660559
3.117658656	0.367167182
3.118461053	0.367095552
3.119229935	0.367708308
3.120061905	0.368138811
3.120954991	0.368529206
3.121940737	0.368978232
3.122743134	0.369572135
3.123697337	0.370065422
3.124497762	0.370588262
3.125237072	0.370652165
3.125915265	0.371184596
3.126654575	0.371391359
3.127516117	0.372017328
3.128472291	0.372512005
3.129150484	0.37278327
3.129980482	0.373239453
3.130751336	0.373736419
3.131644422	0.374224359
3.132537508	0.374784035
3.133369477	0.375312802
3.134047671	0.375608696
3.135001873	0.376176366
3.135865387	0.376614092
3.136634268	0.377040626
3.137405122	0.377443685
3.138268636	0.377690869
3.139254382	0.378311211
3.140054807	0.378813918
3.140823689	0.379217411
3.141501883	0.379418835
3.142241192	0.379795088
3.143041618	0.38017887
3.143905132	0.380809696
3.144705558	0.381481024
3.145598644	0.381924511
3.146554817	0.382591372
3.147386787	0.38302787
3.148187213	0.383412785
3.149019183	0.383849621
3.149851152	0.384142806
3.150681151	0.384675629
3.151390888	0.384882199
3.152222857	0.385319662
3.153023283	0.385537482
3.153794137	0.38630378
3.154594563	0.386449838
3.155519192	0.38735559
3.156380735	0.387701561
3.157273821	0.388075567
3.15801313	0.388478875
3.158691323	0.388778651
3.159462177	0.389041842
3.160262603	0.38971762
3.161216805	0.390364565
3.162141435	0.390839719
3.162880744	0.391075521
3.163651598	0.391748669
3.164481596	0.392333103
3.165376654	0.392901775
3.16626974	0.393494557
3.167038622	0.39378293
3.167809475	0.394071641
3.168734105	0.394789544
3.169566075	0.395230899
3.170334957	0.395616304
3.171074266	0.396046421
3.171874692	0.396556754
3.172860438	0.3969939
3.173692408	0.39770182
3.174494805	0.398140597
3.175141455	0.398487502
3.175880764	0.39894283
3.176712734	0.399434154
3.177574276	0.399905219
3.178498906	0.40077146
3.179330876	0.401166712
3.180253534	0.401549364
3.181055931	0.402183274
3.181856357	0.402357117
3.182656783	0.402652103
3.183427636	0.403161486
3.184320722	0.403541162
3.185060032	0.404240838
3.185892002	0.404613133
3.186660884	0.405171563
3.187492853	0.405544182
3.188356367	0.406357717
3.189403229	0.406806683
3.190296315	0.407648974
3.191067169	0.407966038
3.191682274	0.408336155
3.192392012	0.408426957
3.193192437	0.409039689
3.194053979	0.409684823
3.195039726	0.410200306
3.195810579	0.410882983
3.196642549	0.411306207
3.197442975	0.411749867
3.198274944	0.412489844
3.199106914	0.412791916
3.19981468	0.413248517
3.200646649	0.41377005
3.201447075	0.414458266
3.202342133	0.41481785
3.203172131	0.415754191
3.203942984	0.415951776
3.20474341	0.416519086
3.205606924	0.417314399
3.206622242	0.417910243
3.207361552	0.418201868
3.208071289	0.418587384
3.208840171	0.418956332
3.209579481	0.419443675
3.210381878	0.419695129
3.211304536	0.420451166
3.212229166	0.420816688
3.213122252	0.421789541
3.214078426	0.422086281
3.214817736	0.422525893
3.215464385	0.423026886
3.216172151	0.423413714
3.217035664	0.423919121
3.217958323	0.424652948
3.218729176	0.425097611
3.219561146	0.425575019
3.220393116	0.426346717
3.221193541	0.426624286
3.221993967	0.427122625
3.222979713	0.427940084
3.223782111	0.4283165
3.224489876	0.428950404
3.225197642	0.429167281
3.226029612	0.429670808
3.226830038	0.430244005
3.227693551	0.430825854
3.228679297	0.431522571
3.229479723	0.432145677
3.230311693	0.432822433
3.231143663	0.433327349
3.231944088	0.433606867
3.232653826	0.434071112
3.233422708	0.434469645
3.234286221	0.435127183
3.235086647	0.435751892
3.236040849	0.436569986
3.236872819	0.43737197
3.237673245	0.438096121
3.238505215	0.438726266
3.239368728	0.439434913
3.24032293	0.440180855
3.240940007	0.440166023
3.241771977	0.440895792
3.242572403	0.441424164
3.243372829	0.441952744
3.244204799	0.442806797
3.245097885	0.443274444
3.24589831	0.444198961
3.246854484	0.444898135
3.247716026	0.44546108
3.248455336	0.445686094
3.249101985	0.44619517
3.249811722	0.446564691
3.250673265	0.447103637
3.251720127	0.448138507
3.25249098	0.448640784
3.25332295	0.449275481
3.254123376	0.449906083
3.25498689	0.45064476
3.255879976	0.451338309
3.256648858	0.451891009
3.257327051	0.45218343
3.258127477	0.452641683
3.258959446	0.453278104
3.2597303	0.453683012
3.260501153	0.454137687
3.261394239	0.454708847
3.262348442	0.455785332
3.263211955	0.456576498
3.264041953	0.456916192
3.264844351	0.457500601
3.265552116	0.458047116
3.26632297	0.458552967
3.267184512	0.459519307
3.268016482	0.460233219
3.268909568	0.461055563
3.269834198	0.461733436
3.270605051	0.462240536
3.271373933	0.462747544
3.272237447	0.463168526
3.273069416	0.464008654
3.273899414	0.464300727
3.274548035	0.464641919
3.275348461	0.465553145
3.276117343	0.46616108
3.276919741	0.466399947
3.27775171	0.467141981
3.278674369	0.468321455
3.279567455	0.468973154
3.280523628	0.469783966
3.281262938	0.470264411
3.281970704	0.470740501
3.282710013	0.471321211
3.283573527	0.472169877
3.284559273	0.472886547
3.285452359	0.473715224
3.286160125	0.474192406
3.28696055	0.474858235
3.287824064	0.475708608
3.288685606	0.476408908
3.289488003	0.47685059
3.290256885	0.477462848
3.290966623	0.478242067
3.291828165	0.47891841
3.292660134	0.479565675
3.293430988	0.480279487
3.294231414	0.480972829
3.295092956	0.481700461
3.29614179	0.482907349
3.296942216	0.483576616
3.297681525	0.484111694
3.298328175	0.484608248
3.299099028	0.484997686
3.29996057	0.485978212
3.3008852	0.486993611
3.301746742	0.487748904
3.302578712	0.488676087
3.303503342	0.489692832
3.304303768	0.490415008
3.305043077	0.49087687
3.305845474	0.491700487
3.306614356	0.49221748
3.307507442	0.493130733
3.30821718	0.493714908
3.309110266	0.494679246
3.309910691	0.495705727
3.310774205	0.496590935
3.311574631	0.497416655
3.312560377	0.498270592
3.313453463	0.499312725
3.314253889	0.499937796
3.314870966	0.500283152
3.315639848	0.500853389
3.316410701	0.501449375
3.317272243	0.502412747
3.318321077	0.503531233
3.319182619	0.504369249
3.319983045	0.505147801
3.320785443	0.506028059
3.321554324	0.506726621
3.322325178	0.507097061
3.323064488	0.507639828
3.323896457	0.508500507
3.324665339	0.509351887
3.325467737	0.510082209
3.326236618	0.510807677
3.327039016	0.511462619
3.327869014	0.512198044
3.328732528	0.513014935
3.329810934	0.514726938
3.330579816	0.515225996
3.331350669	0.515928357
3.332089979	0.516499305
3.332829288	0.516892908
3.333629714	0.51793037
3.334554344	0.519165242
3.33544743	0.520040422
3.336310944	0.521063723
3.337233602	0.522249121
3.338035999	0.522908166
3.338743765	0.523349356
3.339451531	0.523917757
3.340283501	0.524378752
3.34120813	0.525769867
3.341978984	0.526654177
3.34277941	0.527721584
3.343611379	0.528539969
3.344380261	0.529246904
3.345182659	0.530341287
3.346168405	0.53143979
3.346937287	0.532453402
3.347676596	0.532953171
3.348478994	0.533743474
3.34927942	0.53453378
3.350048302	0.535523322
3.350880271	0.536523364
3.351866017	0.537803586
3.352729531	0.538911723
3.353529957	0.539806028
3.354361927	0.540603672
3.355101236	0.541539894
3.35587209	0.542200643
3.356733632	0.543310585
3.357626718	0.544400588
3.358490231	0.545588527
3.359383317	0.546475026
3.360122627	0.547260155
3.360923053	0.548260165
3.361693906	0.549179006
3.362555448	0.549985097
3.363480078	0.551211416
3.364126728	0.551778229
3.364927153	0.552242421
3.365729551	0.553142539
3.366529977	0.554222043
3.367330402	0.554943226
3.368223488	0.556320809
3.369023914	0.557324755
3.37000966	0.558770171
3.37093429	0.560257488
3.371705144	0.560898803
3.372351793	0.561263024
3.373091103	0.561925146
3.374045305	0.563393668
3.375001479	0.564555042
3.3756777	0.56556731
3.37650967	0.566631771
3.37724898	0.567449794
3.378080949	0.568720752
3.379037123	0.570167512
3.379837549	0.571177113
3.380515742	0.571806262
3.381408828	0.572755071
3.382240798	0.574002814
3.38300968	0.575214629
3.383780533	0.576169754
3.384642076	0.577398301
3.385598249	0.578849698
3.386398675	0.579837015
3.387230645	0.580546586
3.387969954	0.581214754
3.388648148	0.581924242
3.389448574	0.582938724
3.390310116	0.584299565
3.391203202	0.585769704
3.392159375	0.58712238
3.393020918	0.588562601
3.393760227	0.589594813
3.394499537	0.590291586
3.395331506	0.591314811
3.39619502	0.592318122
3.397056562	0.593580051
3.397734755	0.594241571
3.398566725	0.595654427
3.399367151	0.596648437
3.400167577	0.597720478
3.40103109	0.598829949
3.40195572	0.600468486
3.402848806	0.601817378
3.403895669	0.603453193
3.404603434	0.604407795
3.405220511	0.604880152
3.405959821	0.605737253
3.406728703	0.606833273
3.407714449	0.608357424
3.408609507	0.609918012
3.409348816	0.610958421
3.410149242	0.612114003
3.410949668	0.613296019
3.411813181	0.614411989
3.412613607	0.615517066
3.413382489	0.616331149
3.414153343	0.617717516
3.415077973	0.619262274
3.415939515	0.620614338
3.416710368	0.621820485
3.417449678	0.622709267
3.41831122	0.624088936
3.419296966	0.625856251
3.420099363	0.626992188
3.420899789	0.627815817
3.421546438	0.628715668
3.422285748	0.629606816
3.423117718	0.630880074
3.42407192	0.63272367
3.425028094	0.634229708
3.425889636	0.635588566
3.426753149	0.637078788
3.427553575	0.638192738
3.428354001	0.639463685
3.429093311	0.640332287
3.429864164	0.641363717
3.43075725	0.642679526
3.43149656	0.643967075
3.432389646	0.645362394
3.433190072	0.646531875
3.434083158	0.648294268
3.434885555	0.649569796
3.435778641	0.651019913
3.436610611	0.652171402
3.437379493	0.652997465
3.438057686	0.653832751
3.438828539	0.655052347
3.439628965	0.656356596
3.440460935	0.657667411
3.441354021	0.659173815
3.442215563	0.661146396
3.44311062	0.66268088
3.443911046	0.663961937
3.444679928	0.665027705
3.445450782	0.666041821
3.446190091	0.667102672
3.447053605	0.668581493
3.447883603	0.670211895
3.448778661	0.671724446
3.449608659	0.673014974
3.450411056	0.674510721
3.451211482	0.676111765
3.452011908	0.67721433
3.452997654	0.679168374
3.453707391	0.680385613
3.454476273	0.681483516
3.455276699	0.682956213
3.456047552	0.684108043
3.456879522	0.68545659
3.457772608	0.687238885
3.45872681	0.68924476
3.459590324	0.690917574
3.460422294	0.692769169
3.461191176	0.693607961
3.461900913	0.69459327
3.462640222	0.695637569
3.463440648	0.697327137
3.464426394	0.699608481
3.46522682	0.700983212
3.466029218	0.702438037
3.466829643	0.703866676
3.467598525	0.705078367
3.468400923	0.706376538
3.469416241	0.708325947
3.470218638	0.710127161
3.47098752	0.711209041
3.47181949	0.712832709
3.47265146	0.714324934
3.473451886	0.715520515
3.474315399	0.717126197
3.475238058	0.719141537
3.476008911	0.720623735
3.476779765	0.721762545
3.47758019	0.723463715
3.478351044	0.724550582
3.47905881	0.725518794
3.479890779	0.727122384
3.480783865	0.729110313
3.481615835	0.730503414
3.482570037	0.732956426
3.483402007	0.734642591
3.484202433	0.736084167
3.48500483	0.737394135
3.485897916	0.738936077
3.486820574	0.740856496
3.487406108	0.741644416
3.488208505	0.742797277
3.488977387	0.744341728
3.489809357	0.746086183
3.490641326	0.74780482
3.491473296	0.749577334
3.492212606	0.751064903
3.493105692	0.752772252
3.493967234	0.754633106
3.494769631	0.756162826
3.495445853	0.756867773
3.496185163	0.75841143
3.497048676	0.760089119
3.498156655	0.76288567
3.498959052	0.764791499
3.499791022	0.76665133
3.500559904	0.767885378
3.501391874	0.769586748
3.502284959	0.7713023
3.503085385	0.772731582
3.503795123	0.773821419
3.504656665	0.776012067
3.505488634	0.777636897
3.506198372	0.778594842
3.506967254	0.77956626
3.507830767	0.781333264
3.508784969	0.783975783
3.509585395	0.78589072
3.510387793	0.786845142
3.511156674	0.788487147
3.511927528	0.789622427
3.512759498	0.791306554
3.513652584	0.793433025
3.514484553	0.795412908
3.515346095	0.797079312
3.516209609	0.799228557
3.516978491	0.800500706
3.517717801	0.801873678
3.51854977	0.803295088
3.51938174	0.805092053
3.52021371	0.806889777
3.520921475	0.808284599
3.521753445	0.809842482
3.522616959	0.811622743
3.523478501	0.813617844
3.524342014	0.815292422
3.525264673	0.817839941
3.526096643	0.8200724
3.527052816	0.822012675
3.527792126	0.823500517
3.528438775	0.82400055
3.529207657	0.825173873
3.530010055	0.827134548
3.531025373	0.829629729
3.531950003	0.832534912
3.532689313	0.833515729
3.533460166	0.834880805
3.534199476	0.836185141
3.534999901	0.837477526
3.535831871	0.838939347
3.536632297	0.840205863
3.537432723	0.842092052
3.538325809	0.844081893
3.539096662	0.845666339
3.539867516	0.84690118
3.540636398	0.84835157
3.541499911	0.850552924
3.542485657	0.853189068
3.543317627	0.855357954
3.544118053	0.856657028
3.544825819	0.858069063
3.545565128	0.859111477
3.546397098	0.860689524
3.547290184	0.863254933
3.548214814	0.86572121
3.549078327	0.867687529
3.549939869	0.870113496
3.550647635	0.871313798
3.551450033	0.872618841
3.552311575	0.874804035
3.553143544	0.876928806
3.553975514	0.879027429
3.554714824	0.880454708
3.555515249	0.882168251
3.556315675	0.883855411
3.557147645	0.886227873
3.557979615	0.88803272
3.558965361	0.890905994
3.559858447	0.893188532
3.560660844	0.894826046
3.561307494	0.895747433
3.562076376	0.897486016
3.562878773	0.899260841
3.563679199	0.90087315
3.564633401	0.903800049
3.565433827	0.906227998
3.56629734	0.907913079
3.56712931	0.91040524
3.567898192	0.912013428
3.568700589	0.913603646
3.569469471	0.915267389
3.570332985	0.917635354
3.571164955	0.919941876
3.572087613	0.922517452
3.57289001	0.924573661
3.573690436	0.926575795
3.57446129	0.928516645
3.575291288	0.930337593
3.576277034	0.933098035
3.576986771	0.934426544
3.577694537	0.935891129
3.57846539	0.937890179
3.579234272	0.939862248
3.58003667	0.941734912
3.580898212	0.944141694
3.581822842	0.947247669
3.582623268	0.948931661
3.583486781	0.951696638
3.584348323	0.953589412
3.585087633	0.955286707
3.58579737	0.956812994
3.586597796	0.958636995
3.587551998	0.961649593
3.588383968	0.964030003
3.589247481	0.9665838
3.59007748	0.968911093
3.590879877	0.971231894
3.591741419	0.973268988
3.592758709	0.976388231
3.593466475	0.978276124
3.594205784	0.979380046
3.594976638	0.981258996
3.59574552	0.983247582
3.596516373	0.984772166
3.597379887	0.987061906
3.598334089	0.990774181
3.599195631	0.993394429
3.599998029	0.995204934
3.600829998	0.997216162
3.60159888	0.998662521
3.602308617	0.999955912
3.603077499	1.001924267
3.603941013	1.004605414
3.604834099	1.007323428
3.605758729	1.010435677
3.606559155	1.01269107
3.607328037	1.014718865
3.608160006	1.016627914
3.609053092	1.019049375
3.610009266	1.022176596
3.610624372	1.022955282
3.611426769	1.025051543
3.612195651	1.027139104
3.612966504	1.029035551
3.613828046	1.031756158
3.614721132	1.034541991
3.615491986	1.036771218
3.616355499	1.039413228
3.617185498	1.041468637
3.617987895	1.043544454
3.618727205	1.04557532
3.619496087	1.047725671
3.62045226	1.050702637
3.621406463	1.05442458
3.622114228	1.056119197
3.622977742	1.058659463
3.623748595	1.060732437
3.624610137	1.063494819
3.625534767	1.065973441
3.626242533	1.068030535
3.62695227	1.069288463
3.627845356	1.072285068
3.628677326	1.074878292
3.629416635	1.076616451
3.630217061	1.078677283
3.631078603	1.08142032
3.632034777	1.085408993
3.632835203	1.087942908
3.633696745	1.089777179
3.634406482	1.092036809
3.635175364	1.093595755
3.636007334	1.096142759
3.636839304	1.098939913
3.637610157	1.101110685
3.638471699	1.103309778
3.639364785	1.106350277
3.640104095	1.108625006
3.640906492	1.111141486
3.641799578	1.113769847
3.64266112	1.116639193
3.643554206	1.119658107
3.6442324	1.121419612
3.645095913	1.123849092
3.645896339	1.126482081
3.646757881	1.129246053
3.647589851	1.132224104
3.648482937	1.135361243
3.649285334	1.137832726
3.65027108	1.140834722
3.650978846	1.142611896
3.651657039	1.14401913
3.652425921	1.145788804
3.653196775	1.148310399
3.654089861	1.15145544
3.65501449	1.155307244
3.655785344	1.157275854
3.656615342	1.159653535
3.657386196	1.161846382
3.658218165	1.164226539
3.658957475	1.166438886
3.659757901	1.168838661
3.66058987	1.171723059
3.661482956	1.174934771
3.662283382	1.17742132
3.66308578	1.179658583
3.663917749	1.182268741
3.664810835	1.18590378
3.665826154	1.190054385
3.666658124	1.192668454
3.667336317	1.193949622
3.66801451	1.194952033
3.668814936	1.197251023
3.669646906	1.19939365
3.670539992	1.202255485
3.671401534	1.205219978
3.672265047	1.208186379
3.673189677	1.212320319
3.673958559	1.214223732
3.674729413	1.215597134
3.675437178	1.21742563
3.676239576	1.219677811
3.677162234	1.223621908
3.677901544	1.225911201
3.678733513	1.228904167
3.679504367	1.230925822
3.680365909	1.233874881
3.681197879	1.236619144
3.682183625	1.240677304
3.683108255	1.24426833
3.68381602	1.245656875
3.68446267	1.246772817
3.685233523	1.248660327
3.686065493	1.25155108
3.686897463	1.254527188
3.687851665	1.258360101
3.688683635	1.261451201
3.689547148	1.26385241
3.690377146	1.266467786
3.691209116	1.268691608
3.691948426	1.270434856
3.692719279	1.271936641
3.693580821	1.274566478
3.694444335	1.277451129
3.695276305	1.279735491
3.696045187	1.280789357
3.696877156	1.283187749
3.697709126	1.285981063
3.698602212	1.2887968
3.699526842	1.291878152
3.700173491	1.292413718
3.700883229	1.293534734
3.701713227	1.295712315
3.70248408	1.297841832
3.70331605	1.299345357
3.704209136	1.302505928
3.705072649	1.305657451
3.705934192	1.308612181
3.706858821	1.312493201
3.707627703	1.314684152
3.708305897	1.31563017
3.709015634	1.317265088
3.709877176	1.320309713
3.710831378	1.32437708
3.711602232	1.326798935
3.712434201	1.329752117
3.713234627	1.332582132
3.714035053	1.335158857
3.71483745	1.338048263
3.715823197	1.341881601
3.716623622	1.345027421
3.717331388	1.346839518
3.718163358	1.34960275
3.718995328	1.352565203
3.719795753	1.355262572
3.720659267	1.358323788
3.721583897	1.36222999
3.722413895	1.366103236
3.723153205	1.367536273
3.723955602	1.369531435
3.724724484	1.371883492
3.725463794	1.373828566
3.726327307	1.376784356
3.727281509	1.381249968
3.728174595	1.385411243
3.729006565	1.38861507
3.729745875	1.390565072
3.730516728	1.393066932
3.731317154	1.395609164
3.732271356	1.399402931
3.733195986	1.403755559
3.733781519	1.404060977
3.734581945	1.406720954
3.735384342	1.410121803
3.736245885	1.413404189
3.73713897	1.416756778
3.7380636	1.421118471
3.738864026	1.424182818
3.739757112	1.42762524
3.740559509	1.430151973
3.741298819	1.432399246
3.741945469	1.433501149
3.742684778	1.435721225
3.743577864	1.439112242
3.744593183	1.444347156
3.745332492	1.446770066
3.746164462	1.449970916
3.746935315	1.452693095
3.747767285	1.45549705
3.748628827	1.458484781
3.749460797	1.461719017
3.750107446	1.463226855
3.75097096	1.466332765
3.75180293	1.469998646
3.752571812	1.47264169
3.753374209	1.47544169
3.754267295	1.479164171
3.755253041	1.48429663
3.756146127	1.488708783
3.756978097	1.491211512
3.757717406	1.493249407
3.758393628	1.494748041
3.759196025	1.49749891
3.760089111	1.501345779
3.760950654	1.505467903
3.761814167	1.50847603
3.762675709	1.512687268
3.763415019	1.514502456
3.764154328	1.516490121
3.765047414	1.51974391
3.765942472	1.523114511
3.76677247	1.525800848
3.767450663	1.526534309
3.768282633	1.529108295
3.769114603	1.532056165
3.769915029	1.534820201
3.770778542	1.537984058
3.771732745	1.542047386
3.772503598	1.544400959
3.773396684	1.546633171
3.774165566	1.548815295
3.774843759	1.549811805
3.775553496	1.551539861
3.776383495	1.554208851
3.777369241	1.558984104
3.778264298	1.56332155
3.779003608	1.564835352
3.77977249	1.56762756
3.78060446	1.570533295
3.781404885	1.572880254
3.782207283	1.575430374
3.782976165	1.578082614
3.783715474	1.580550675
3.78460856	1.5843512
3.785501646	1.588383815
3.786333616	1.591527993
3.787165586	1.594759864
3.788058672	1.598393554
3.789044418	1.603192561
3.789783727	1.605581966
3.790554581	1.607495156
3.79120123	1.608952333
3.79194054	1.610593558
3.79277251	1.614583835
3.793697139	1.618384271
3.794682885	1.623916347
3.795575971	1.627851475
3.796530174	1.633085833
3.797301027	1.635093547
3.798008793	1.63652557
3.798779646	1.638736876
3.799611616	1.641784998
3.800473158	1.645801553
3.801212468	1.648146712
3.802012894	1.651184686
3.802783747	1.653487417
3.803584173	1.656816951
3.804355026	1.659671595
3.805309229	1.663794717
3.806233858	1.668341241
3.807004712	1.670736177
3.807651361	1.672208045
3.808420243	1.674719471
3.809252213	1.679027927
3.810176843	1.683263057
3.811194133	1.688991299
3.812055675	1.693231579
3.812919189	1.697039215
3.813719614	1.70006565
3.814458924	1.702427272
3.815229777	1.704600531
3.815969087	1.706905624
3.816769513	1.709703604
3.817601483	1.712749183
3.818463025	1.71676819
3.819233878	1.719992268
3.820034304	1.722881986
3.82083473	1.726208933
3.821637127	1.729450762
3.82268399	1.734782869
3.823391755	1.737140877
3.824101492	1.739296816
3.824840802	1.741757984
3.825609684	1.744495484
3.826473198	1.748558471
3.8274274	1.753072436
3.828290913	1.757750741
3.829120912	1.761249915
3.830045541	1.765901667
3.830877511	1.769608852
3.831616821	1.771408361
3.83235613	1.773062605
3.833249216	1.777472411
3.834173846	1.782511506
3.834913156	1.784898164
3.835684009	1.787796554
3.836484435	1.791060131
3.837223745	1.793595473
3.83802417	1.796715227
3.839071033	1.802230568
3.83987343	1.805909423
3.84061274	1.807923143
3.841381622	1.81065306
3.842152475	1.813940418
3.842952901	1.816541024
3.843816415	1.820225514
3.844739073	1.825373265
3.845571043	1.829309464
3.846310352	1.831739444
3.847173866	1.835312738
3.847942748	1.838373683
3.848682057	1.840660019
3.849514027	1.844046122
3.850438657	1.848503587
3.851239083	1.851730852
3.852102596	1.855400101
3.852871478	1.858380072
3.853673876	1.861846517
3.854535418	1.865313532
3.85548962	1.869472341
3.856384678	1.873809684
3.856968239	1.874768352
3.857739093	1.877433025
3.858571062	1.880950615
3.859403032	1.884792633
3.860235002	1.888077955
3.861189204	1.893716425
3.862052718	1.898813195
3.86309958	1.904502213
3.863900006	1.90760214
3.864578199	1.909142806
3.865224849	1.910344729
3.865932614	1.912754011
3.8668257	1.917080367
3.86784299	1.92356015
3.868550756	1.925796363
3.869353153	1.929022727
3.870122035	1.931939001
3.870924433	1.935256003
3.871785975	1.93898688
3.872679061	1.943442389
3.873388798	1.94556723
3.874343	1.950469283
3.875236086	1.955313185
3.875975396	1.957869033
3.876683161	1.960262247
3.877515131	1.963751898
3.878408217	1.968543057
3.879210615	1.972433939
3.88001104	1.974051584
3.88075035	1.976879037
3.88148966	1.978939397
3.882321629	1.982554518
3.883214715	1.987088845
3.884076257	1.991786229
3.885032431	1.996179335
3.885957061	2.002066371
3.88669637	2.004310752
3.887465252	2.006275256
3.888328766	2.009739243
3.889129192	2.013053523
3.889900045	2.015791201
3.890576267	2.017562842
3.891408237	2.021044625
3.892240207	2.024349984
3.893072176	2.027893593
3.893904146	2.031319996
3.894828776	2.035211061
3.895751434	2.039339897
3.896768724	2.044291136
3.897446918	2.046070649
3.898062023	2.046393565
3.898801333	2.048532289
3.899601759	2.051653491
3.900587505	2.056476412
3.901512135	2.061506754
3.902251444	2.06266953
3.903022298	2.065690888
3.903822723	2.06813476
3.904686237	2.071563828
3.905455119	2.074141442
3.906255545	2.076647497
3.907057942	2.079452794
3.907980601	2.083602016
3.908782998	2.086647581
3.909583424	2.089574154
3.910354277	2.092069297
3.911184275	2.09483506
3.912108905	2.09872436
3.912940875	2.101791225
3.913711728	2.103545592
3.91438795	2.104832534
3.91512726	2.107017803
3.915990773	2.110462729
3.916915403	2.114180427
3.917838062	2.118703614
3.918670031	2.121420036
3.919563117	2.124856614
3.920365515	2.126843045
3.921197484	2.129025216
3.921966366	2.130964907
3.92273722	2.133055533
3.92366185	2.136932546
3.924430732	2.138068091
3.925294245	2.141824557
3.926063127	2.14352888
3.926926641	2.146032535
3.927727067	2.148263444
3.928744357	2.152228349
3.929605899	2.154434844
3.930315636	2.155332451
3.930930741	2.155221031
3.931670051	2.156883072
3.932502021	2.159284785
3.933363563	2.162002917
3.934319737	2.165372933
3.935181279	2.16740441
3.936013248	2.169030862
3.936813674	2.170250929
3.937645644	2.171788377
3.938384954	2.173155259
3.939124263	2.174042852
3.939987777	2.176588377
3.940819746	2.177707789
3.941712832	2.180331155
3.942513258	2.181403987
3.943284112	2.182310659
3.944052994	2.183396521
3.944916507	2.184865288
3.945931826	2.187199381
3.946610019	2.186464
3.947319756	2.186676959
3.948088638	2.187854051
3.948859492	2.188942372
