
1.006346233	0.00068162
1.007239319	0.000559577
1.008163949	0.000368279
1.009179268	0.000322569
1.009979694	0.000384315
1.010719003	0.00036152
1.011397197	0.000508008
1.01216805	0.000454474
1.012936932	0.000431693
1.013800446	0.000501499
1.014786192	0.000556047
1.015525501	0.000471439
1.016450131	0.000487339
1.017311673	0.000565173
1.018082527	0.000697317
1.018821836	0.00060478
1.019622262	0.000581976
1.020485776	0.000652365
1.021315774	0.000652896
1.022179288	0.000614552
1.023011257	0.000700693
1.023843227	0.000670095
1.024612109	0.000693991
1.025597855	0.000827347
1.026337165	0.000812322
1.027076474	0.00080509
1.027847328	0.000876095
1.028647753	0.000806322
1.029418607	0.000900937
1.030219033	0.000932999
1.031143663	0.000941684
1.031975632	0.00087176
1.032898291	0.0008804
1.03373026	0.000936179
1.03446957	0.000976212
1.035147763	0.00105563
1.035918617	0.0010643
1.036841275	0.001073139
1.037704789	0.001153005
1.038597875	0.001122381
1.039398301	0.001154887
1.040200698	0.001179527
1.041030696	0.001172546
1.042047986	0.001268856
1.0429115	0.001269907
1.043558149	0.001381881
1.044327031	0.001367003
1.045097885	0.00140778
1.04589831	0.001440697
1.046698736	0.001529423
1.04765491	0.001467036
1.048640656	0.001492358
1.049379966	0.001549313
1.050211935	0.001614481
1.050980817	0.001511685
1.051659011	0.001576688
1.052459437	0.001569879
1.053384066	0.001643407
1.054277152	0.001652824
1.055140666	0.001702358
1.055909548	0.001775921
1.056619285	0.001752991
1.057388167	0.001770361
1.058220137	0.001820074
1.059205883	0.001854013
1.059976736	0.001774695
1.060684502	0.001880818
1.061577588	0.001882402
1.062348442	0.001875684
1.063148867	0.001933733
1.064012381	0.001911012
1.064844351	0.00192061
1.065674349	0.002124861
1.066660095	0.002053767
1.067430948	0.002014634
1.068109142	0.002089072
1.068878024	0.002114979
1.069741537	0.002124829
1.070758827	0.002208338
1.071527709	0.002226233
1.072328135	0.00216261
1.073098989	0.002229498
1.073899414	0.002304716
1.0747925	0.002314812
1.075687558	0.002308553
1.076302663	0.0022853
1.077103089	0.002418154
1.077996175	0.002428363
1.078767029	0.00238084
1.079537882	0.00242362
1.080369852	0.00251593
1.081324054	0.002501693
1.0823098	0.002512211
1.083080654	0.002588184
1.08388108	0.002573599
1.084588845	0.002649566
1.085328155	0.002742229
1.086099008	0.002744177
1.087023638	0.002746513
1.087824064	0.002798208
1.088778266	0.002792377
1.089610236	0.002835972
1.090349546	0.00286279
1.091120399	0.002864814
1.091981941	0.002908628
1.092813911	0.002977377
1.093584764	0.002887929
1.09429253	0.003048029
1.0951245	0.003050347
1.095986042	0.003027724
1.096849555	0.003105236
1.097711098	0.003132737
1.098606155	0.003185456
1.099528813	0.003238338
1.100484987	0.003157404
1.101131637	0.003259819
1.10180983	0.003236671
1.102549139	0.003238843
1.103442225	0.003325442
1.104457544	0.003244449
1.105196853	0.003372785
1.106028823	0.003291151
1.106892337	0.003318992
1.107692763	0.003270813
1.108463616	0.00339119
1.109171382	0.003393355
1.109942235	0.003497078
1.110742661	0.003550319
1.111635747	0.003477034
1.112467717	0.003564299
1.113299687	0.003744889
1.114100112	0.003679752
1.114993198	0.003657246
1.115947401	0.003702839
1.116749798	0.003680005
1.11751868	0.003750576
1.118228417	0.003769979
1.119060387	0.003772783
1.119829269	0.003783898
1.120722355	0.003889265
1.121524752	0.003934725
1.122478954	0.003972243
1.123310924	0.003958089
1.124050234	0.003986358
1.124819116	0.004040446
1.125589969	0.004060347
1.126453483	0.003934872
1.127253908	0.004049192
1.128054334	0.004094992
1.12885476	0.00412367
1.129657158	0.004264155
1.130487156	0.004241478
1.131382213	0.004193175
1.132367959	0.004308858
1.133197958	0.004398257
1.133937267	0.004409756
1.134676577	0.004473078
1.13544743	0.004510682
1.136247856	0.004461978
1.137079826	0.00452582
1.138065572	0.004521082
1.138804881	0.004420019
1.139697967	0.004432159
1.140500365	0.0044266
1.141300791	0.004612106
1.14213276	0.004771925
1.14287207	0.004688037
1.143672496	0.004795765
1.144534038	0.004938743
1.145397551	0.004881451
1.146197977	0.004841247
1.147091063	0.004853749
1.147954577	0.004787512
1.148940323	0.004931525
1.149648089	0.005065801
1.150357826	0.004955118
1.151065592	0.005019487
1.151836445	0.005119273
1.152636871	0.005131603
1.153529957	0.005161915
1.154454587	0.005209982
1.155223469	0.005125535
1.156086982	0.005270138
1.156918952	0.005229908
1.157687834	0.005127658
1.158397571	0.005210144
1.159197997	0.005337251
1.160152199	0.005394619
1.160954597	0.005460197
1.161755022	0.005437438
1.162555448	0.005476574
1.163355874	0.005506905
1.164158271	0.005537282
1.165112474	0.00551522
1.166066676	0.005501989
1.166805985	0.005620915
1.167608383	0.00566921
1.168408809	0.005744232
1.169209234	0.005632492
1.17000966	0.005814432
1.170873174	0.005818723
1.17185892	0.005787949
1.172627802	0.005845291
1.173459772	0.005903021
1.174230625	0.005853281
1.174908818	0.005937134
1.175648128	0.005931923
1.17650967	0.005945224
1.17734164	0.005985268
1.178205153	0.006007591
1.179005579	0.005939891
1.179806005	0.00604269
1.180637975	0.006199697
1.181499517	0.006312121
1.182455691	0.006272235
1.183195	0.006186111
1.183902766	0.006252881
1.184795852	0.006266614
1.185598249	0.006279881
1.186459791	0.006338621
1.187352877	0.006406645
1.188216391	0.006501732
1.189077933	0.006605989
1.190002563	0.006611125
1.190741873	0.006642419
1.191356978	0.006609583
1.192035171	0.006722207
1.192835597	0.006744877
1.193884431	0.006678121
1.194716401	0.006773696
1.195546399	0.00691488
1.196348796	0.006928626
1.197149222	0.006978815
1.198010764	0.006992955
1.198905822	0.006934311
1.199582044	0.007029514
1.200414013	0.007016118
1.201277527	0.007012023
1.202016837	0.007144408
1.202724602	0.007084542
1.203556572	0.007263473
1.204449658	0.007204699
1.205466948	0.007302524
1.20623583	0.007343902
1.2070678	0.007257105
1.207745993	0.00738067
1.208516846	0.007468156
1.209317272	0.007427086
1.210210358	0.00738652
1.211042328	0.007419247
1.212028074	0.007416062
1.212889616	0.007467486
1.213599353	0.007481092
1.214431323	0.007587885
1.215324409	0.007621212
1.216185951	0.007737682
1.216895688	0.007714415
1.217603454	0.007802299
1.21840388	0.007761066
1.219204306	0.007821836
1.220006703	0.007826984
1.220899789	0.007916337
1.221792875	0.007847741
1.222717505	0.007918817
1.223579047	0.008017516
1.22425724	0.008049911
1.224935434	0.008156914
1.225735859	0.008040976
1.226567829	0.00813978
1.227553575	0.00826777
1.228354001	0.008189027
1.229217515	0.008204138
1.230017941	0.008349893
1.23084991	0.008355541
1.23168188	0.008445551
1.23242119	0.008441241
1.233190072	0.008493432
1.234053585	0.008640253
1.234946671	0.008599514
1.235747097	0.008727346
1.236547523	0.00874241
1.237379493	0.008823627
1.238243006	0.008820361
1.239165664	0.00875149
1.239936518	0.008794679
1.240614711	0.008931671
1.241292905	0.00903102
1.242154447	0.008923849
1.242986416	0.009109558
1.243972163	0.009069447
1.244833705	0.009208359
1.245758334	0.009196237
1.246529188	0.009258847
1.247268498	0.009245354
1.248100467	0.0093845
1.248869349	0.009361768
1.249762435	0.009368463
1.250564833	0.009383995
1.251457918	0.009447841
1.252197228	0.009539189
1.25296611	0.009525975
1.253736964	0.009598625
1.254630049	0.009586367
1.255615796	0.009689455
1.256386649	0.009752773
1.257094415	0.009681732
1.257804152	0.009658481
1.25863415	0.009741483
1.25946612	0.009728753
1.260359206	0.009869936
1.261344952	0.009800861
1.262084262	0.009902655
1.262979319	0.010044242
1.263809317	0.010070079
1.264611715	0.010037976
1.26531948	0.010130259
1.266090334	0.010184608
1.266922303	0.0101913
1.267783846	0.010294714
1.268647359	0.01033069
1.269386669	0.010394673
1.270155551	0.010449301
1.270955977	0.01055261
1.271941723	0.010531755
1.27283678	0.010548853
1.273544546	0.010641948
1.274283855	0.010619032
1.275054709	0.010809825
1.275855135	0.010865159
1.276716677	0.010891928
1.277702423	0.010929509
1.278534393	0.010907436
1.279366362	0.011041107
1.280137216	0.011086729
1.280906098	0.011112884
1.281615835	0.011167809
1.282447805	0.011243378
1.283433551	0.011388763
1.284295093	0.011367087
1.285095519	0.011413291
1.285897916	0.011410631
1.286698342	0.011535241
1.287498768	0.0116404
1.288391854	0.011619059
1.289255367	0.011617035
1.289931589	0.011672212
1.290702443	0.01183635
1.291502869	0.011883006
1.292305266	0.012047747
1.293135264	0.011947231
1.294030322	0.012083525
1.29504564	0.012132429
1.29578495	0.012159078
1.296555803	0.012195913
1.297356229	0.012233062
1.298063995	0.012299008
1.298834848	0.012355735
1.299698362	0.012482643
1.30062102	0.012521199
1.301484534	0.01260875
1.302316503	0.01270601
1.303148473	0.01270421
1.303917355	0.012830785
1.304717781	0.012828732
1.305642411	0.012808014
1.306413264	0.012795692
1.30712103	0.013041367
1.308014116	0.013020414
1.308846086	0.013098422
1.309709599	0.0131569
1.310571141	0.01320545
1.311403111	0.013313636
1.312235081	0.013342055
1.313096623	0.013410774
1.313867476	0.013448643
1.314575242	0.013515914
1.315314552	0.013573566
1.316178065	0.013712692
1.317224928	0.013773722
1.317964237	0.013781453
1.318735091	0.013869801
1.319535516	0.013958557
1.32030637	0.013996855
1.321106796	0.014065665
1.321938765	0.014074523
1.322646531	0.014192782
1.323478501	0.014372936
1.324371587	0.014463267
1.32514244	0.014391007
1.325911322	0.014570898
1.326774836	0.01464097
1.327699466	0.014711799
1.328714784	0.014844393
1.329424521	0.014832088
1.330256491	0.014902112
1.330932713	0.015092007
1.331703566	0.015121018
1.332503992	0.015109825
1.333397078	0.015241723
1.334229048	0.015332465
1.335307454	0.01549729
1.33620054	0.015487317
1.336910277	0.015566764
1.337679159	0.015728419
1.338511129	0.015728015
1.339311555	0.015798576
1.340082408	0.015777074
1.340790174	0.015877241
1.341592571	0.015856113
1.342392997	0.016100543
1.343224967	0.016141189
1.344118053	0.016213296
1.345011139	0.016367373
1.345872681	0.016377857
1.346797311	0.016460856
1.347475504	0.016530674
1.34818327	0.016611177
1.348985667	0.016733993
1.349878753	0.016827256
1.350925616	0.016850587
1.351633381	0.017013711
1.352465351	0.017096232
1.353236204	0.017033886
1.354068174	0.017137103
1.3548686	0.017250344
1.355576366	0.017310937
1.356408335	0.017362853
1.357271849	0.017539175
1.358194507	0.017437398
1.358965361	0.017602428
1.35970467	0.017777569
1.36053664	0.017715968
1.361490842	0.017821646
1.362415472	0.017906328
1.363123238	0.017977873
1.363832975	0.018132543
1.364572285	0.018121603
1.365404254	0.018226172
1.366265797	0.018372844
1.36722197	0.018281651
1.368051969	0.018365629
1.368976598	0.018503063
1.369777024	0.018691097
1.370486761	0.018763361
1.371226071	0.018898709
1.371965381	0.018908899
1.37289001	0.019026124
1.373720009	0.019246716
1.374615066	0.019217412
1.375415492	0.019322808
1.376277034	0.019418703
1.377079431	0.019471945
1.37790943	0.019609518
1.378772943	0.019642793
1.379543797	0.01969577
1.380251562	0.019726883
1.381022416	0.019948102
1.381883958	0.019950029
1.382684384	0.020087858
1.383516354	0.020142061
1.3845021	0.020230168
1.385272953	0.020504992
1.386197583	0.020508129
1.387027581	0.020467629
1.387798435	0.020595182
1.388476628	0.020636947
1.389277054	0.020701708
1.390140567	0.020767473
1.391033653	0.020981954
1.391865623	0.020994503
1.392666049	0.021091366
1.393434931	0.021113615
1.394205784	0.021316282
1.395159987	0.021394577
1.395962384	0.02146
1.396731266	0.021514339
1.397502119	0.021664473
1.398241429	0.021750422
1.399041855	0.021826756
1.399873824	0.021839736
1.400828027	0.021897266
1.40169154	0.022070775
1.402677286	0.022214394
1.40344814	0.02218388
1.404155906	0.022355359
1.404802555	0.022440491
1.405602981	0.022474672
1.406588727	0.022672412
1.407452241	0.022654197
1.408252666	0.022817123
1.409084636	0.022937839
1.409946178	0.022994784
1.410778148	0.023072772
1.411671234	0.023098121
1.412503204	0.023079485
1.413181397	0.023370192
1.414013367	0.0234808
1.414845336	0.023537686
1.415645762	0.02363719
1.416446188	0.02380147
1.417370818	0.023881727
1.41832502	0.023962569
1.419034757	0.024147349
1.419835183	0.024182581
1.420635609	0.024250271
1.421345346	0.024338105
1.422114228	0.024362094
1.422977742	0.024615132
1.423809712	0.024586181
1.42473237	0.024775597
1.42556434	0.024941951
1.426335193	0.025118262
1.427106047	0.025164419
1.427906472	0.02533067
1.428768015	0.025443814
1.429538868	0.025501059
1.430309721	0.025721628
1.43123238	0.025683759
1.43206435	0.025633298
1.432927863	0.025943192
1.433913609	0.025939213
1.434745579	0.026139885
1.435514461	0.026230367
1.436285314	0.026157007
1.43699308	0.026388617
1.437702817	0.026467299
1.438471699	0.026525243
1.439303669	0.026573445
1.440320959	0.026767609
1.441152929	0.026837909
1.441982927	0.027017975
1.442814897	0.026967682
1.443617294	0.027037612
1.44441772	0.027250468
1.445186602	0.027275972
1.445896339	0.027443421
1.446757881	0.027492804
1.447682511	0.0276536
1.448482937	0.027602749
1.449222246	0.027881536
1.450024644	0.028007325
1.45091773	0.028079785
1.451871932	0.028043006
1.452579698	0.028200387
1.453382095	0.028282329
1.454150977	0.028452223
1.455044063	0.028513991
1.455907576	0.028630633
1.456800662	0.02873689
1.457539972	0.028751473
1.458464602	0.028969502
1.459326144	0.029064357
1.460065454	0.029179086
1.460836307	0.029305666
1.46160716	0.029432363
1.462437159	0.029560374
1.463269128	0.029588326
1.464071526	0.029548841
1.464871952	0.029832552
1.465672377	0.029960396
1.466504347	0.029966242
1.467365889	0.030140187
1.468290519	0.030203876
1.469154033	0.030422893
1.470047119	0.030687513
1.470693768	0.030656242
1.471401534	0.030626204
1.472140843	0.030720017
1.473004357	0.030962238
1.474112336	0.031019183
1.474851645	0.031337791
1.475654043	0.03133238
1.476454468	0.031371848
1.477286438	0.031558166
1.478118408	0.031632184
1.478918834	0.031773119
1.479750803	0.031937392
1.480582773	0.032000419
1.481412771	0.032097277
1.482152081	0.03231633
1.482922934	0.032220281
1.483786448	0.032385841
1.484709106	0.032518971
1.48557262	0.032526579
1.486311929	0.032689813
1.487051239	0.03283056
1.487790549	0.032801592
1.488652091	0.033081158
1.489454488	0.033155665
1.490377146	0.033244257
1.491179544	0.033296201
1.492102202	0.033464423
1.492904599	0.033539227
1.493673481	0.033715643
1.494473907	0.033813325
1.495183645	0.033818005
1.496015614	0.034075911
1.496847584	0.033992338
1.497709126	0.034251263
1.498479979	0.034291699
1.499280405	0.034275786
1.500141947	0.034466732
1.501066577	0.034705025
1.502022751	0.034692839
1.502852749	0.034895006
1.503562486	0.0348886
1.504362912	0.035078904
1.505194882	0.035144124
1.505995308	0.03543788
1.506858821	0.035446732
1.507844568	0.035435495
1.508644993	0.035787264
1.509476963	0.035887413
1.510245845	0.036032121
1.511016699	0.035947018
1.511724464	0.036101913
1.512495318	0.036304492
1.513295744	0.036438872
1.514159257	0.036563374
1.515020799	0.036711006
1.515823197	0.036776593
1.516592079	0.036945291
1.517392504	0.037045625
1.518348678	0.037149855
1.51921022	0.037309676
1.519981074	0.037548391
1.520813043	0.037557369
1.521552353	0.037656684
1.522321235	0.037861079
1.523153205	0.037916546
1.524077835	0.037997557
1.524848688	0.038156031
1.525680658	0.038246515
1.526573744	0.038326992
1.527405713	0.038440873
1.528113479	0.038551721
1.528884333	0.038606075
1.529838535	0.038909592
1.530700077	0.038931504
1.531532047	0.038999286
1.532334444	0.039182981
1.533164442	0.039227541
1.533903752	0.039444907
1.534767265	0.039560553
1.535753011	0.039550899
1.536460777	0.03969775
1.537263174	0.039893968
1.5380636	0.040020087
1.53880291	0.0401213
1.539603336	0.040212471
1.540496422	0.040388205
1.541452595	0.040554046
1.542160361	0.04069003
1.542960787	0.040593725
1.54373164	0.04086072
1.544439406	0.040985238
1.545271376	0.041195477
1.546196006	0.041373099
1.547057548	0.041396152
1.547950634	0.041526073
1.548782604	0.041795914
1.549614573	0.041806573
1.550385427	0.041945359
1.551246969	0.042063112
1.552203143	0.042266232
1.552879364	0.042237373
1.553589102	0.042445851
1.554421071	0.042444922
1.555189953	0.042678957
1.555992351	0.042902285
1.556885437	0.042938758
1.557808095	0.043153892
1.558640065	0.043343005
1.559564695	0.04333311
1.56036512	0.043604724
1.56101177	0.043658434
1.561721507	0.043749596
1.562521933	0.043950389
1.563539223	0.044074195
1.564371193	0.044192891
1.565201191	0.044383102
1.565972044	0.044464549
1.566742898	0.044522207
1.567543324	0.044628459
1.568404866	0.044796221
1.569114603	0.044971732
1.569946573	0.045103107
1.570839659	0.045152674
1.571671628	0.045260315
1.572472054	0.045522707
1.57327248	0.045689557
1.574165566	0.045727473
1.575151312	0.04584002
1.575861049	0.04613651
1.576722591	0.046053739
1.577432329	0.046290556
1.57820121	0.046265077
1.579001636	0.046528876
1.57995781	0.046629196
1.580758236	0.046809211
1.581743982	0.046850438
1.582575952	0.047007564
1.583283717	0.047137031
1.584023027	0.047279591
1.584947657	0.047476058
1.58581117	0.047634678
1.58655048	0.047705182
1.587350906	0.04775341
1.588182876	0.047863046
1.588951758	0.048031327
1.589722611	0.048211907
1.590493465	0.048283702
1.591323463	0.048381562
1.59212586	0.048636174
1.593080062	0.048604703
1.593787828	0.048856753
1.594527138	0.048903686
1.595359107	0.049038474
1.596252193	0.049260294
1.597237939	0.049497358
1.597947677	0.049665284
1.598779646	0.049751978
1.599611616	0.049838736
1.600473158	0.050060462
1.60142736	0.050309681
1.602198214	0.050272932
1.60290598	0.050356133
1.603769493	0.050578545
1.604694123	0.050778677
1.605494549	0.051011718
1.606233858	0.051047432
1.607034284	0.051170711
1.607958914	0.05138371
1.608883544	0.051523455
1.609622854	0.051657379
1.610269503	0.051837443
1.610947696	0.051810236
1.611809238	0.05202194
1.612641208	0.052159248
1.61359541	0.05226379
1.614366264	0.052374759
1.61525935	0.052563539
1.616152436	0.052727896
1.616952862	0.052889371
1.617755259	0.052890994
1.618463025	0.053049621
1.619326538	0.053287427
1.620126964	0.053474054
1.62102005	0.053478858
1.621790904	0.053578343
1.622591329	0.053851756
1.623423299	0.053941142
1.624377501	0.054207727
1.625363247	0.054277732
1.626134101	0.054513856
1.626810323	0.054548906
1.627488516	0.054633576
1.628320486	0.054760641
1.629120912	0.054998328
1.630013998	0.055090504
1.630970171	0.05523453
1.631709481	0.055520343
1.632541451	0.055585924
1.633402993	0.055664982
1.634234962	0.055792831
1.634942728	0.055928977
1.635682038	0.056116093
1.636545551	0.056357448
1.637438637	0.056400664
1.638331723	0.056493767
1.639102577	0.056719935
1.639841886	0.056920235
1.640642312	0.057110334
1.641596514	0.057255988
1.642398912	0.057221478
1.643106677	0.057521238
1.643877531	0.057685839
1.644677957	0.057751477
1.645539499	0.057819299
1.646403012	0.057611576
1.647357215	0.057933316
1.648189184	0.058313786
1.649113814	0.058534755
1.649884668	0.058687678
1.650623977	0.058852156
1.651300199	0.059077338
1.652039509	0.059292377
1.652932595	0.059412486
1.653796108	0.059594555
1.65465765	0.059663379
1.655460048	0.059893889
1.656292017	0.059987015
1.657092443	0.06020517
1.658046646	0.060290311
1.658939731	0.060423787
1.659617925	0.060701094
1.660388778	0.06069138
1.661189204	0.060884986
1.66198963	0.061028158
1.6628216	0.061134636
1.663685113	0.061217028
1.664670859	0.061532012
1.665378625	0.06167224
1.666240167	0.061843632
1.667135225	0.061965665
1.667811446	0.062066956
1.6685823	0.062311517
1.669443842	0.062394511
1.6703389	0.062466099
1.671293102	0.06269257
1.672093528	0.062849847
1.672803265	0.063029292
1.673542574	0.063057148
1.674311456	0.06321354
1.67526763	0.063338886
1.676036512	0.063469998
1.676775822	0.063625603
1.677639335	0.063747741
1.678439761	0.063995306
1.679271731	0.064129266
1.680164817	0.064316811
1.681026359	0.064426551
1.681797212	0.064673678
1.682721842	0.064734847
1.683461152	0.064917029
1.684168917	0.065059676
1.684847111	0.065098697
1.68567908	0.065400243
1.686694399	0.065606507
1.687526369	0.065651711
1.688389882	0.065839496
1.689221852	0.065936217
1.690053822	0.066174482
1.690915364	0.066349769
1.69180845	0.066474939
1.692455099	0.066564749
1.693287069	0.0668552
1.694180155	0.066813102
1.694982552	0.067128533
1.695751434	0.067300942
1.696583404	0.06741143
1.697537606	0.06772064
1.698462236	0.067809231
1.699171973	0.06797981
1.699911283	0.068151694
1.700557932	0.068371747
1.701358358	0.068326241
1.702190328	0.068657601
1.70314453	0.068644242
1.7039765	0.069092746
1.704930702	0.069222263
1.705733099	0.069150991
1.706472409	0.069466674
1.707304379	0.069721425
1.708197465	0.069705897
1.708966347	0.069945365
1.70964454	0.069999145
1.710352306	0.070301467
1.711215819	0.070480213
1.712077361	0.070580845
1.712879759	0.070600889
1.713711728	0.070856894
1.714634387	0.070973337
1.715527473	0.071180029
1.716513219	0.071286245
1.717191412	0.071471232
1.717869606	0.071617121
1.718640459	0.071937006
1.719563117	0.072080317
1.720673067	0.072100654
1.721351261	0.072325573
1.72209057	0.072435271
1.722859452	0.072585616
1.723659878	0.072763633
1.724491848	0.072811878
1.725231157	0.073105686
1.726002011	0.073190892
1.726895097	0.073452182
1.727819727	0.073596705
1.728620153	0.073696576
1.729420578	0.073914962
1.730191432	0.074198088
1.731116062	0.074277263
1.732070264	0.074463203
1.732841117	0.074773281
1.733517339	0.074776075
1.734195533	0.07492411
1.734995958	0.075024711
1.735798356	0.075323609
1.736721014	0.075482601
1.737616072	0.07571986
1.738601818	0.075842204
1.739431816	0.076196115
1.740234213	0.07639019
1.741034639	0.076359076
1.741742405	0.076376863
1.742605918	0.076719751
1.7433748	0.076846475
1.744238314	0.077070378
1.745009167	0.07721068
1.745839166	0.077566279
1.746641563	0.077761439
1.747595765	0.07785712
1.748642628	0.07795699
1.749474597	0.078233735
1.750091674	0.078421155
1.750767896	0.078611344
1.75153875	0.078672616
1.752370719	0.078723321
1.753232261	0.078908794
1.754218008	0.079206815
1.754957317	0.079467245
1.755789287	0.079531643
1.756591684	0.079701671
1.757360566	0.079749932
1.75803876	0.079968019
1.758809613	0.08020386
1.759671155	0.080269931
1.760595785	0.080660477
1.761549987	0.080677381
1.762381957	0.080836195
1.76315281	0.081045989
1.763921692	0.081269269
1.764877866	0.081393911
1.765678292	0.081645824
1.766386058	0.081826423
1.767125367	0.081941361
1.767896221	0.082044377
1.768667074	0.082228213
1.76956016	0.082310135
1.770514362	0.082650952
1.771346332	0.082797634
1.772239418	0.082933791
1.773071388	0.083134649
1.773810697	0.083344804
1.774488891	0.08349821
1.775289316	0.083698001
1.776213946	0.083687523
1.777045916	0.083983677
1.777875914	0.084171736
1.778678312	0.084426306
1.779510281	0.084452254
1.780310707	0.084666374
1.781203793	0.084749514
1.782096879	0.085103942
1.782804645	0.085286986
1.783575498	0.085337437
1.784346352	0.08561875
1.785146778	0.085738671
1.785978747	0.085955324
1.786903377	0.086149413
1.787918696	0.08637525
1.788689549	0.086548616
1.789551091	0.086821828
1.790383061	0.086862192
1.791092798	0.087060196
1.791893224	0.087276382
1.792847426	0.087513877
1.793647852	0.087716751
1.794479822	0.087907661
1.795250675	0.088109373
1.796021529	0.088270221
1.796790411	0.08856782
1.797561264	0.088769977
1.79854701	0.089065033
1.79928632	0.089101644
1.799994086	0.089314775
1.800794511	0.089505243
1.801596909	0.089654811
1.802397335	0.08992783
1.803290421	0.09012335
1.804183506	0.090264097
1.80504702	0.090458407
1.806032766	0.090768953
1.806864736	0.09086577
1.807511385	0.090925801
1.808158035	0.09115098
1.808990005	0.091399426
1.810005323	0.091616023
1.81080772	0.091835789
1.811608146	0.09189017
1.812377028	0.091942962
1.813147882	0.09228564
1.814011395	0.092440033
1.814934054	0.092625173
1.815612247	0.09274269
1.816444217	0.093006367
1.817337303	0.093273385
1.818137728	0.093452833
1.818847466	0.093613892
1.819647891	0.093710482
1.820509434	0.093921107
1.821465607	0.094150642
1.822234489	0.09428746
1.823098003	0.094470885
1.823805769	0.094618599
1.824608166	0.094840744
1.825438164	0.095036701
1.82642391	0.095282617
1.827226308	0.095477442
1.82818051	0.095722085
1.82901248	0.095835243
1.829690673	0.096093572
1.830491099	0.096191332
1.831384185	0.096391576
1.832184611	0.096545253
1.832894348	0.096736091
1.83366323	0.096944128
1.834495199	0.097141686
1.835295625	0.097351678
1.836127595	0.097465677
1.836991109	0.097791117
1.837915738	0.098022173
1.838869941	0.09828298
1.839794571	0.098402407
1.840409676	0.098533349
1.841056326	0.098722092
1.841827179	0.099057783
1.842659149	0.099172645
1.843644895	0.099380036
1.844413777	0.099674142
1.845216174	0.099703461
1.8460166	0.099929346
1.846817026	0.100141334
1.847680539	0.100370957
1.848449421	0.1005956
1.849251819	0.100765929
1.850113361	0.101024074
1.850976874	0.101254351
1.851745756	0.101507798
1.85251661	0.101592349
1.853378152	0.101808855
1.854302782	0.102099548
1.855320072	0.102226159
1.856152041	0.10241326
1.856828263	0.102662537
1.857506457	0.102700034
1.858306882	0.103140275
1.85910928	0.10355267
1.860063482	0.103648286
1.860895452	0.10372297
1.861820082	0.103944537
1.862588964	0.104200087
1.863359817	0.104370839
1.864160243	0.10447242
1.864960669	0.104559857
1.865853755	0.104893925
1.866624608	0.1050367
1.867488122	0.105255837
1.868227431	0.105411249
1.868996313	0.105539974
1.869828283	0.105900016
1.870752913	0.10606628
1.871799775	0.10628233
1.872631745	0.106529089
1.873309938	0.106638952
1.873956588	0.106918208
1.87472547	0.107033413
1.875527867	0.107264779
1.876420953	0.107487219
1.877406699	0.107800864
1.878146009	0.107914782
1.878977978	0.108105582
1.879809948	0.108353733
1.880610374	0.108557304
1.881349684	0.108685886
1.882118566	0.1090311
1.882950535	0.109193935
1.883814049	0.109545077
1.884707135	0.109597011
1.885568677	0.109733209
1.88633953	0.110122607
1.887139956	0.110399124
1.888064586	0.110625641
1.888865012	0.110730039
1.889574749	0.11092983
1.890343631	0.111248305
1.891146028	0.111511411
1.891946454	0.111644999
1.89274688	0.111793063
1.893732626	0.112211585
1.894564596	0.11244832
1.895518798	0.112851169
1.896350768	0.112871837
1.897090077	0.113016904
1.897799815	0.113405815
1.898568697	0.1135818
1.899554443	0.113872073
1.900417956	0.114010615
1.901218382	0.114232261
1.901989236	0.114423325
1.902758118	0.114701271
1.903467855	0.115062749
1.904329397	0.115259754
1.905315143	0.115391917
1.906054453	0.115726807
1.906886422	0.115849881
1.907657276	0.116201589
1.908457702	0.11633749
1.909289671	0.11654804
1.91021233	0.116866034
1.911198076	0.116969977
1.911907813	0.117449923
1.912708239	0.117484537
1.913508665	0.117621077
1.914218402	0.11782495
1.915050372	0.118211367
1.915943458	0.118441467
1.916775427	0.118667946
1.917605426	0.118982017
1.918407823	0.119031804
1.919208249	0.119417402
1.919979102	0.119626095
1.9208091	0.119765517
1.921794847	0.119900108
1.922504584	0.120076066
1.923243893	0.12047352
1.924044319	0.1206408
1.924815173	0.120967456
1.925615598	0.121003105
1.926447568	0.12128996
1.927340654	0.121419528
1.928172624	0.121853466
1.929187942	0.12207913
1.930083	0.12234141
1.930790766	0.122709541
1.931468959	0.122752643
1.932300929	0.123055511
1.933286675	0.123265417
1.934055557	0.123520504
1.93482641	0.123820055
1.935626836	0.12388601
1.936427262	0.124305662
1.937290775	0.124464298
1.938215405	0.124715459
1.938891627	0.124950794
1.939694024	0.125342024
1.94058711	0.125591726
1.94141908	0.125719444
1.94215839	0.125959466
1.942927272	0.126171982
1.943820358	0.1266146
1.944744987	0.12689683
1.945484297	0.127004295
1.946284723	0.127071359
1.947024032	0.127386344
1.947794886	0.127644306
1.948534196	0.1277669
1.949427282	0.128107341
1.950227707	0.128397412
1.951213453	0.128566256
1.952106539	0.129055932
1.952938509	0.129229835
1.953740906	0.129491093
1.954602449	0.129726697
1.955556651	0.129998382
1.956266388	0.130328432
1.957005698	0.130526621
1.957806123	0.130684304
1.958699209	0.130907888
1.959531179	0.131187183
1.960331605	0.131285526
1.961163575	0.131639747
1.962088205	0.132045251
1.962981291	0.132209927
1.96362794	0.132238536
1.964306133	0.132553291
1.965045443	0.132842456
1.965906985	0.133095194
1.966924275	0.133194005
1.967602468	0.133464542
1.96837135	0.133831276
1.96920332	0.134157596
1.970096406	0.134263419
1.970991463	0.134489418
1.971821462	0.134741133
1.972592315	0.135064026
1.973363169	0.135282005
1.974163594	0.135427022
1.974934448	0.135720381
1.975734874	0.136061072
1.976566843	0.136313917
1.977459929	0.136616296
1.978414132	0.136727388
1.979214557	0.137099018
1.979985411	0.137318166
1.980663604	0.137500863
1.981495574	0.137709418
1.982296	0.138142195
1.983250202	0.138344531
1.984113716	0.138706762
1.985038346	0.139013112
1.985899888	0.139239693
1.986639197	0.139442719
1.987410051	0.139678324
1.988178933	0.139944193
1.98898133	0.140242862
1.989750212	0.140478788
1.990613726	0.140873037
1.991445695	0.141113781
1.992307237	0.141447749
1.993107663	0.141641091
1.993971177	0.141990779
1.994956923	0.142273526
1.995788893	0.142423991
1.996496658	0.142732798
1.997174852	0.143039669
1.997943734	0.143216378
1.998746131	0.143456429
1.999607673	0.143807401
2.000593419	0.144121897
2.001332729	0.144449312
2.002196242	0.144709724
2.003028212	0.144922292
2.003797094	0.145221916
2.004629064	0.145480538
2.00542949	0.145737033
2.006293003	0.145983009
2.007186089	0.146338225
2.008018059	0.146750361
2.008786941	0.146990003
2.009589338	0.147247535
2.010389764	0.147505082
2.011314394	0.147894366
2.01211482	0.147999161
2.012822585	0.14814313
2.013532323	0.148409898
2.014301205	0.148635194
2.015072058	0.148922106
2.015872484	0.149150017
2.016735997	0.14942878
2.017536423	0.149779816
2.018461053	0.150293934
2.019415255	0.150518668
2.020215681	0.150793572
2.020925418	0.151184908
2.021757388	0.151477941
2.022772707	0.151908075
2.023604676	0.152139959
2.024436646	0.152294949
2.025268616	0.152742861
2.026069042	0.15311161
2.026839895	0.153570913
2.027794097	0.153828398
2.028687183	0.154313002
2.029333833	0.154454853
2.030073142	0.154897362
2.03087554	0.154989497
2.031675966	0.155297971
2.032507935	0.155655459
2.033430594	0.156097522
2.034355223	0.156540074
2.035064961	0.156935413
2.035958047	0.157174722
2.036758472	0.157577524
2.037436666	0.15767651
2.038175975	0.157950882
2.039037517	0.158390076
2.039869487	0.158827281
2.040794117	0.159349678
2.041687203	0.159807861
2.042487629	0.160181393
2.043226938	0.160534817
2.044027364	0.160722152
2.04501311	0.161142053
2.045722848	0.161369234
2.046430613	0.161674248
2.047231039	0.161846545
2.048001893	0.162172448
2.048802318	0.162656817
2.049665832	0.163177734
2.050620034	0.163784302
2.051483548	0.164243584
2.052406206	0.164520507
2.053145516	0.164798522
2.053823709	0.165212455
2.054563019	0.165303198
2.055363445	0.16569608
2.056349191	0.166104188
2.05718116	0.166656723
2.05801313	0.166974718
2.058813556	0.16749404
2.05967707	0.167830764
2.060570156	0.168421031
2.061463242	0.168745043
2.062080319	0.168983873
2.062941861	0.169446967
2.063866491	0.170056944
2.064666916	0.170264313
2.065406226	0.170733961
2.066238196	0.171132955
2.067131282	0.171600213
2.068024368	0.172162242
2.068763677	0.172365485
2.069566075	0.172715842
2.070242296	0.173071626
2.070981606	0.173511693
2.071784003	0.173799658
2.072706662	0.17435028
2.073538631	0.174798991
2.074555921	0.175484696
2.075417463	0.176063002
2.076188317	0.176476007
2.076988743	0.176828562
2.077852256	0.177376475
2.078621138	0.177711034
2.079360448	0.178011611
2.080131301	0.178330891
2.080992843	0.178832353
2.081795241	0.179344917
2.082627211	0.179844528
2.083457209	0.180471156
2.084352266	0.18080249
2.085274925	0.181374483
2.086199554	0.181804194
2.086816632	0.182175598
2.087492853	0.182345837
2.088263707	0.182603881
2.089125249	0.182997196
2.090203655	0.183537061
2.090942965	0.183983886
2.091713818	0.184481518
2.092453128	0.184690041
2.093253554	0.184935925
2.094117067	0.185410639
2.094917493	0.185959799
2.095717919	0.18623819
2.096581432	0.186985067
2.097474518	0.187511668
2.098274944	0.187950503
2.09907537	0.188325719
2.099877767	0.188781249
2.10073931	0.189402272
2.101693512	0.189664244
2.102464365	0.190133821
2.103111015	0.190352354
2.103850324	0.190851567
2.10474341	0.191349047
2.10557538	0.191729143
2.10650001	0.192342368
2.107300436	0.192880535
2.108225066	0.19360694
2.109025491	0.193969354
2.109796345	0.194184756
2.110628315	0.194518332
2.11133608	0.194856717
2.11216805	0.195110318
2.112938903	0.195696092
2.113831989	0.196180983
2.114663959	0.19651569
2.115464385	0.197169652
2.116296355	0.197617628
2.117157897	0.198052548
2.118082527	0.198396954
2.118914496	0.198716768
2.119653806	0.198592527
2.120361572	0.198723385
2.121161998	0.198911401
2.121964395	0.199164284
2.122857481	0.199652
2.123843227	0.200294256
2.124612109	0.200625472
2.125536739	0.201133362
2.126337165	0.201322379
2.127139562	0.201511669
2.127815784	0.201851018
2.128647753	0.202529332
2.129511267	0.203000442
2.130372809	0.203601383
2.131175207	0.20414842
2.131944088	0.204579018
2.132776058	0.205145788
2.133576484	0.205644948
2.13446957	0.206072153
2.135271967	0.206767127
2.136011277	0.20709881
2.136750587	0.207560765
2.137519468	0.207895729
2.138321866	0.208185324
2.139183408	0.208545962
2.140169154	0.209440146
2.141032668	0.210388233
2.141955326	0.21098423
2.142726179	0.211549366
2.143465489	0.211850733
2.144173255	0.212361269
2.144912564	0.212777285
2.14580565	0.213421111
2.146669164	0.214144135
2.147530706	0.21465501
2.148362676	0.215294062
2.149226189	0.215822219
2.150058159	0.216494821
2.151043905	0.217183406
2.151936991	0.217928657
2.152583641	0.218321782
2.15332295	0.218642578
2.154093804	0.219163471
2.154862686	0.219520486
2.155663111	0.220061377
2.156526625	0.22092089
2.157512371	0.221908521
2.158283225	0.222283462
2.159176311	0.222884836
2.16000828	0.223480309
2.16074759	0.223935013
2.161455356	0.224320903
2.162255781	0.224914095
2.163087751	0.225461567
2.163980837	0.226328681
2.164873923	0.227262336
2.16567632	0.227791571
2.166445202	0.228301117
2.167277172	0.228718665
2.168262918	0.229631254
2.169002228	0.230320305
2.169709993	0.230742218
2.170480847	0.231154558
2.1712517	0.231765421
2.17208367	0.232664214
2.173037872	0.233510615
2.173930958	0.234334536
2.174762928	0.234887637
2.17562447	0.235444292
2.176395324	0.235892102
2.177134633	0.236303608
2.177812827	0.236692123
2.178581708	0.237389139
2.179537882	0.238256333
2.180369852	0.238961235
2.181201822	0.239517208
2.182002248	0.240302546
2.182802673	0.240805994
2.183666187	0.24161585
2.184588845	0.24241621
2.185267039	0.242824079
2.186099008	0.243532095
2.18696055	0.2443271
2.187762948	0.244832984
2.188563374	0.245638757
2.189424916	0.246318634
2.190349546	0.24737281
2.191366836	0.248338231
2.192106145	0.248588841
2.192875027	0.24905987
2.193523648	0.24938394
2.194324074	0.24994253
2.1951245	0.250768751
2.195988013	0.251619448
2.196788439	0.252229431
2.197774185	0.253663952
2.198667271	0.254402871
2.199406581	0.254689273
2.200177434	0.255264117
2.20107052	0.256071271
2.201870946	0.256767645
2.202578712	0.257302764
2.203381109	0.257765406
2.204242651	0.258755273
2.205043077	0.259788979
2.205906591	0.260629375
2.206768133	0.261503703
2.207600103	0.262425522
2.208463616	0.26325088
2.209356702	0.264113966
2.210003352	0.264611741
2.210650001	0.264790109
2.211420854	0.265404162
2.212252824	0.266362648
2.21323857	0.267761443
2.214038996	0.268734459
2.214839422	0.269387851
2.215639848	0.270007921
2.216503361	0.270804756
2.217335331	0.27164889
2.218104213	0.272249503
2.21890661	0.273074116
2.219768153	0.274092377
2.220692782	0.275406466
2.221524752	0.276270441
2.222264062	0.277021958
2.223032944	0.277642265
2.22392603	0.278650823
2.224882203	0.27997281
2.225651085	0.280865649
2.226360823	0.281378799
2.227068588	0.28187502
2.227900558	0.282658525
2.228700984	0.283709904
2.229657158	0.285019416
2.230457583	0.285834667
2.231443329	0.287302574
2.232367959	0.288627848
2.233199929	0.289534201
2.234000355	0.290318037
2.234769237	0.2909792
2.235725411	0.292226666
2.236494293	0.29317819
2.237326262	0.294359942
2.238004456	0.294857939
2.238743765	0.295517585
2.239514619	0.296420382
2.240346588	0.297263644
2.241269247	0.298801786
2.242071644	0.299505963
2.242810954	0.300202124
2.243487175	0.300736553
2.244319145	0.301907041
2.245182659	0.303168005
2.246014628	0.304357203
2.247029947	0.306102253
2.247830373	0.30711795
2.24872543	0.308352624
2.249555429	0.309288192
2.250357826	0.310237687
2.251065592	0.311140436
2.251897561	0.311855251
2.252729531	0.313119118
2.253561501	0.31416088
2.25439347	0.315392048
2.255193896	0.316465147
2.256025866	0.317406014
2.256826292	0.318514791
2.257780494	0.320058427
2.258582891	0.321340998
2.259290657	0.321699606
2.259998423	0.322350764
2.26080082	0.323531953
2.261630818	0.324752285
2.262494332	0.326288186
2.263387418	0.327863897
2.264187844	0.328996488
2.26508093	0.330298445
2.265912899	0.331523406
2.266715297	0.332434326
2.267423063	0.333176594
2.268162372	0.33409652
2.269055458	0.335471388
2.269855884	0.337092601
2.270658281	0.338058508
2.271458707	0.339335878
2.272290677	0.340687965
2.273091103	0.341724822
2.274015733	0.343213699
2.275001479	0.344972637
2.275740788	0.345881425
2.276572758	0.347116706
2.277373184	0.348278646
2.278142066	0.348985705
2.278944463	0.350010489
2.279867121	0.351679046
2.280823295	0.353718547
2.281531061	0.354557567
2.282331487	0.355724116
2.283133884	0.35671795
2.283810106	0.357275499
2.284549415	0.358295239
2.285444473	0.359931415
2.286337559	0.361829449
2.287260217	0.363507269
2.288062615	0.364888524
2.288831497	0.365934339
2.28960235	0.367085637
2.29043432	0.368247454
2.291420066	0.37002772
2.292188948	0.371320654
2.292959801	0.371794532
2.293760227	0.373181173
2.294562624	0.374516626
2.295392623	0.376049597
2.296317253	0.377861276
2.297241882	0.379884086
2.298042308	0.381205694
2.298842734	0.382580616
2.299552471	0.383311246
2.300260237	0.383884374
2.300969974	0.384983447
2.301799972	0.386576269
2.302848806	0.388820423
2.303649232	0.390673664
2.304420086	0.391681265
2.305220511	0.392940099
2.306052481	0.394415704
2.306914023	0.396020241
2.307838653	0.397952878
2.308485303	0.398942803
2.309317272	0.400176212
2.310210358	0.402177032
2.311010784	0.403459569
2.311781638	0.404667347
2.312613607	0.406256164
2.313506693	0.408508237
2.314492439	0.410813601
2.315200205	0.41152067
2.315971058	0.412785709
2.316649252	0.413488393
2.317481222	0.414959651
2.31831122	0.416784368
2.319267393	0.419197874
2.320099363	0.420972671
2.321085109	0.423500879
2.321853991	0.424878076
2.322563728	0.425573568
2.323303038	0.426752223
2.32416458	0.428413929
2.324965006	0.430012363
2.325796976	0.431971653
2.326599373	0.433218469
2.327429371	0.434949434
2.328231769	0.436251099
2.329093311	0.438362303
2.330017941	0.440504609
2.33084991	0.442577666
2.331650336	0.443510415
2.332482306	0.445639028
2.333160499	0.446461093
2.333868265	0.447289228
2.334607574	0.448390345
2.335471088	0.450333569
2.336456834	0.45301302
2.337196144	0.454810543
2.338026142	0.456288755
2.338858112	0.458142077
2.339721625	0.459789131
2.340583167	0.461775327
2.341322477	0.463079375
2.342124874	0.46462838
2.34301796	0.466249875
2.343972163	0.468580371
2.344772588	0.470364236
2.345543442	0.471857651
2.346404984	0.473959521
2.347268498	0.475830981
2.348100467	0.477447095
2.348808233	0.478413269
2.34951797	0.479451863
2.35025728	0.480711679
2.351087278	0.482849629
2.351950792	0.484727393
2.352968082	0.487873785
2.353829624	0.4897542
2.354783826	0.491941939
2.355586223	0.493543716
2.356355105	0.494780774
2.357094415	0.495904681
2.357833724	0.497370131
2.358697238	0.499149879
2.35946612	0.501000489
2.360361177	0.503166491
2.361161603	0.50508014
2.361962029	0.506671413
2.362762455	0.508479427
2.363625968	0.510446074
2.364672831	0.513281571
2.365473257	0.515255522
2.36615145	0.516087523
2.366829643	0.516703768
2.367598525	0.518385157
2.368400923	0.520273155
2.369294009	0.522921579
2.370279755	0.526151597
2.371019064	0.52741641
2.371880606	0.529431189
2.37265146	0.530885278
2.37348343	0.532642918
2.374222739	0.534001361
2.375054709	0.535616409
2.375916251	0.538161304
2.376748221	0.540140452
2.377548647	0.542421258
2.3783195	0.543628814
2.379119926	0.545477519
2.379920352	0.547309233
2.380815409	0.549743686
2.381708495	0.552469368
2.382477377	0.55386253
2.383248231	0.55529321
2.38398754	0.557152765
2.38481951	0.559053237
2.38565148	0.561481413
2.386605682	0.564303287
2.387406108	0.566945359
2.388330738	0.569618699
2.389162707	0.571580813
2.389902017	0.572830776
2.390548666	0.573386015
2.391287976	0.575092019
2.392181062	0.577837343
2.393013032	0.580624364
2.393876545	0.582837888
2.394769631	0.585515707
2.395631173	0.588388165
2.396494687	0.590989451
2.397541549	0.594641393
2.398434635	0.597454813
2.399112828	0.598116721
2.399913254	0.600160955
2.40071368	0.602498745
2.401484534	0.604556369
2.402284959	0.606787198
2.403148473	0.609529165
2.404041559	0.612426843
2.404688209	0.613378498
2.405520178	0.615732615
2.406320604	0.618061799
2.406998797	0.618950399
2.407767679	0.620888889
2.408662737	0.623704335
2.409524279	0.626512987
2.410448909	0.629138172
2.411310451	0.632244132
2.412142421	0.634830359
2.412913274	0.636924634
2.413745244	0.63929347
2.414699446	0.642210818
2.415407212	0.644163736
2.416116949	0.645254003
2.416948919	0.647812207
2.417749344	0.650050735
2.418610887	0.652564777
2.419505944	0.655899705
2.420367486	0.659043594
2.421199456	0.661020619
2.422031426	0.663404361
2.422800308	0.66520066
2.423510045	0.666834138
2.42421781	0.668431016
2.42504978	0.670672062
2.426035526	0.674581888
2.426867496	0.677768314
2.427667922	0.679636166
2.428468348	0.682188917
2.429300317	0.684881509
2.430163831	0.687806643
2.431088461	0.690917561
2.431764683	0.692257152
2.432657769	0.694955155
2.433521282	0.697924273
2.434260592	0.699673927
2.434999901	0.701405984
2.435831871	0.703814526
2.436756501	0.707271356
2.437742247	0.711379197
2.438450013	0.712903316
2.439189322	0.71462307
2.439867516	0.715954427
2.440699485	0.718501807
2.441529484	0.721198823
2.442424541	0.724325719
2.443224967	0.726366692
2.444210713	0.730584627
2.445072255	0.733484461
2.445718905	0.734385731
2.446458214	0.735911015
2.447321728	0.738629262
2.448246358	0.742038504
2.449046784	0.744853163
2.449817637	0.746243537
2.450618063	0.748669413
2.451357372	0.750313106
2.452157798	0.75264822
2.453021312	0.75552683
2.453975514	0.759051604
2.454837056	0.761429177
2.455669026	0.764210181
2.456347219	0.765187677
2.457086529	0.766465143
2.457918499	0.769306043
2.458904245	0.773282345
2.460012223	0.778910263
2.46072196	0.780164969
2.46146127	0.781654448
2.46220058	0.783294586
2.463001005	0.785517375
2.463832975	0.788014038
2.464603829	0.789554781
2.465372711	0.791227036
2.46620468	0.793577369
2.467068194	0.796408666
2.46786862	0.798357377
2.468637502	0.80048483
2.469501015	0.802625418
2.470425645	0.805934065
2.471318731	0.808971329
2.472119157	0.810456233
2.472826923	0.812024421
2.47353666	0.813010463
2.474398202	0.815760503
2.475230172	0.818615507
2.476186345	0.822304927
2.476986771	0.824776272
2.477879857	0.827298837
2.478680283	0.829433577
2.479419593	0.830813125
2.480220019	0.833082121
2.480959328	0.834954212
2.481883958	0.837909712
2.482684384	0.840749541
2.483579441	0.843471965
2.484379867	0.845993738
2.485180293	0.848422395
2.486012263	0.851298385
2.486905349	0.854367437
2.487829979	0.858301343
2.48859886	0.860176431
2.489308598	0.861444753
2.490047907	0.863121857
2.490879877	0.865950408
2.491680303	0.868902396
2.492541845	0.87208614
2.493498019	0.875874388
2.494266901	0.877795923
2.495130414	0.881441847
2.495901268	0.88332871
2.49667015	0.885310875
2.497379887	0.886759919
2.498148769	0.88872498
2.499012282	0.89190395
2.499844252	0.894959462
2.50076691	0.898734519
2.50159888	0.901660765
2.502491966	0.904915569
2.50326282	0.907366095
2.504187449	0.910540852
2.504956331	0.913394008
2.505695641	0.914769601
2.506559155	0.917831764
2.50735958	0.920624584
2.50819155	0.923335172
2.50902352	0.926410153
2.50994815	0.930151637
2.510717032	0.932289996
2.511610118	0.935316727
2.512349427	0.937962906
2.513059164	0.939604899
2.513735386	0.941311641
2.514537784	0.944138133
2.515491986	0.948708039
2.516355499	0.953131884
2.517185498	0.956185669
2.517987895	0.958904979
2.518788321	0.961989284
2.519588747	0.964557631
2.520481833	0.967968605
2.521345346	0.972195459
2.522114228	0.973912298
2.522946198	0.976998435
2.523748595	0.980190151
2.524549021	0.983210016
2.525410563	0.986735949
2.526335193	0.991365461
2.527289395	0.996125153
2.528028705	0.998186555
2.528768015	1.000749357
2.529477752	1.002628
2.530185517	1.004660802
2.531049031	1.008374557
2.531971689	1.013231867
2.532835203	1.017586782
2.533759833	1.021352032
2.534560259	1.024934505
2.535360685	1.027496402
2.536131538	1.030202108
2.536931964	1.033481211
2.537763934	1.036910257
2.538534787	1.039717391
2.539274097	1.041450225
2.540135639	1.04566984
2.540936065	1.04886128
2.541768034	1.052183641
2.54266112	1.056423449
2.543554206	1.060898263
2.544386176	1.063898095
2.545249689	1.068094468
2.545988999	1.07043918
2.546728309	1.07274631
2.547497191	1.075474214
2.548360704	1.079465425
2.549377994	1.085095985
2.550146876	1.088567262
2.550886186	1.090300006
2.551593951	1.093010417
2.552396349	1.096151281
2.553228319	1.100103307
2.554121404	1.104395098
2.554860714	1.107145196
2.555692684	1.109917494
2.556615342	1.114948901
2.557478856	1.119120827
2.558247738	1.12226084
2.559142795	1.126548681
2.560189658	1.132952117
2.561114287	1.138760291
2.561822053	1.140069303
2.562437159	1.141376594
2.563146896	1.142863116
2.563947322	1.146907882
2.564810835	1.151276048
2.565733494	1.156454581
2.566535891	1.159941404
2.567490093	1.165452923
2.568290519	1.169275827
2.569000256	1.171202134
2.569769138	1.173919043
2.570662224	1.178102804
2.571494194	1.18204582
2.572233504	1.185106669
2.573004357	1.187752856
2.573773239	1.191515981
2.574605209	1.195153683
2.575407606	1.199034518
2.576237604	1.203283337
2.577162234	1.208540028
2.577994204	1.212402814
2.578948406	1.217836747
2.579658143	1.220115479
2.580397453	1.22248784
2.581166335	1.225916504
2.582061392	1.230743296
2.583047138	1.236953258
2.583754904	1.23939616
2.58455533	1.242691181
2.585355756	1.246637296
2.586158153	1.249799307
2.586990123	1.252898611
2.587759005	1.255594849
2.588559431	1.259312493
2.589454488	1.263945449
2.59031603	1.268781738
2.591116456	1.272368327
2.59188731	1.275311127
2.592719279	1.279291891
2.593612365	1.284153934
2.594566567	1.290115645
2.595368965	1.292075009
2.596045187	1.293992204
2.596754924	1.29612457
2.597616466	1.30078511
2.598479979	1.305488998
2.599434182	1.31103274
2.600266151	1.3151133
2.601159237	1.319662705
2.601991207	1.323649165
2.602762061	1.326101327
2.603530943	1.328930166
2.604270252	1.331705683
2.605133766	1.335636617
2.605902648	1.33962038
2.606705045	1.342314233
2.607444355	1.345889752
2.60824478	1.349379606
2.609106323	1.35431283
2.610030952	1.359341463
2.610985155	1.365024628
2.611817124	1.368818769
2.612556434	1.371174596
2.613266171	1.373118236
2.614066597	1.376542801
2.614867023	1.380486608
2.615730536	1.38542148
2.616716283	1.39153945
2.617455592	1.394243297
2.618317134	1.398906667
2.619087988	1.401590785
2.619888414	1.404471535
2.620627723	1.407101581
2.621428149	1.410683454
2.622352779	1.415990672
2.623245865	1.42022611
2.624046291	1.424054345
2.624817144	1.426430309
2.62561757	1.4299425
2.62644954	1.433633689
2.627342626	1.43818016
2.628174595	1.442355819
2.628945449	1.444559508
2.629777419	1.44841896
2.630577844	1.451882778
2.631348698	1.45431078
2.63221024	1.458172358
2.63313487	1.464115167
2.633935296	1.467446737
2.634767265	1.470035712
2.635538119	1.472230848
2.636307001	1.475308696
2.637016738	1.477612393
2.63778562	1.480652905
2.638678706	1.484889332
2.639510676	1.48999775
2.640342645	1.493802988
2.641174615	1.497349024
2.642036157	1.501878925
2.642838555	1.505251426
2.643792757	1.51006038
2.644624726	1.514158352
2.64530292	1.514566778
2.646134889	1.517942995
2.646964888	1.522206254
2.647767285	1.525710409
2.648599255	1.529676932
2.649521913	1.534746658
2.650478087	1.540605516
2.651217396	1.542165139
2.652078939	1.545875419
2.652910908	1.548258188
2.653589102	1.548855934
2.654328411	1.550519679
2.655160381	1.55377399
2.656053467	1.557894618
2.656978097	1.561571138
2.657778523	1.563214712
2.658547405	1.564597636
2.659286714	1.566247017
2.660057568	1.568199083
2.660950654	1.571742953
2.661751079	1.574788361
2.662490389	1.575732326
2.663353903	1.579283734
2.664154328	1.581481749
2.664986298	1.584044329
2.665818268	1.58735885
2.666711354	1.591076891
2.66751178	1.592305586
2.66843641	1.595517834
2.669268379	1.596421569
2.669976145	1.59702774
2.670685882	1.597858762
2.671517852	1.600552294
2.672503598	1.605556366
2.673333596	1.608415024
2.67419711	1.609728269
2.674997536	1.61094296
2.675799933	1.612546189
2.676693019	1.615039974
2.677615677	1.617777082
2.678262327	1.617291331
2.67912584	1.619403119
2.67995781	1.622088315
2.68069712	1.623841461
2.681404885	1.625657829
2.682205311	1.628143531
2.683068825	1.630280807
2.684054571	1.633167543
2.684825424	1.630306093
2.685655423	1.629706399
2.686333616	1.629116186
2.687134042	1.630194652
2.687936439	1.633668036
2.688829525	1.63662546
2.689629951	1.637337819
2.690647241	1.64266676
2.691479211	1.644526571
2.692248093	1.643889964
2.692987402	1.643665066
2.693819372	1.645033897
2.694619798	1.645932833
2.695390651	1.647060099
2.696161505	1.64785944
2.697023047	1.650376957
2.69788656	1.651952488
2.698748102	1.655314323
2.699611616	1.653419662
2.700473158	1.651686657
2.701397788	1.652087719
2.702290874	1.654813832
2.70290598	1.65309236
2.703584173	1.650894089
2.704355026	1.652537918
2.705248112	1.652918949
2.706233858	1.656548767
2.706973168	1.655229628
2.707744021	1.655556733
2.708544447	1.657633324
2.709437533	1.661499677
2.710299075	1.662151756
2.711069929	1.663078407
2.711870355	1.662702612
2.712672752	1.660531452
2.713534294	1.659344807
2.714305148	1.65806036
2.715044457	1.65737554
2.715844883	1.657967496
2.716769513	1.661095734
2.717755259	1.66289806
2.718616801	1.665680376
2.719326538	1.669364347
2.72000276	1.670793781
2.72083473	1.674410804
2.7216667	1.677822598
2.722652446	1.681123923
2.723484415	1.675875616
2.724409045	1.668565771
2.725177927	1.6621304
2.725917237	1.66058978
2.72668809	1.664068275
2.727395856	1.662818945
2.728227826	1.665070247
2.729059795	1.668755681
2.729923309	1.670488688
2.730753307	1.671620038
2.731585277	1.669031865
2.732417247	1.669581798
2.733341876	1.673225423
2.734359166	1.678030856
2.735159592	1.677543734
2.735806242	1.677857059
2.736484435	1.676315385
2.737253317	1.676765556
2.738055714	1.677257082
2.738917256	1.677326268
2.739934546	1.675342779
2.740703428	1.674206871
2.741535398	1.67588348
2.742367368	1.676976429
2.743167794	1.670618413
2.743877531	1.667772198
2.744646413	1.67168601
2.745509926	1.673925283
2.746371469	1.687618096
2.747264555	1.702509533
2.748096524	1.714569629
2.748898922	1.723480128
2.74972892	1.730948077
2.750685094	1.736406599
2.751485519	1.742021182
2.752224829	1.747495203
2.752995682	1.7554852
2.753796108	1.762492381
2.754566962	1.769379527
2.75539696	1.776622923
2.756292017	1.781877763
2.757092443	1.78197557
2.757985529	1.78649877
2.758785955	1.78674431
2.759556809	1.786193498
2.760264574	1.785769341
2.761003884	1.78423047
2.76189697	1.786909505
2.762760483	1.79144202
2.763592453	1.792444192
2.764424423	1.793699101
2.765285965	1.792806022
2.766086391	1.795577404
2.767011021	1.796725124
2.767904107	1.797915916
2.768550756	1.796924286
2.76932161	1.799658612
2.770122035	1.809623329
2.770954005	1.816978227
2.771785975	1.822016846
2.772679061	1.829081936
2.773664807	1.839294391
2.774372573	1.845591179
2.775143426	1.85208088
2.775975396	1.858150045
2.776683161	1.86067356
2.777485559	1.865185127
2.778315557	1.872698863
2.779179071	1.882439084
2.7801037	1.890893668
2.78093567	1.899099699
2.781736096	1.906526555
2.782536522	1.914020899
2.783368492	1.920820813
2.784385782	1.927943467
2.785093547	1.93405035
2.785801313	1.936979949
2.78660371	1.942076164
2.787404136	1.948891878
2.788173018	1.956410506
2.789004988	1.963446776
2.789929618	1.96762228
2.79088382	1.977491988
2.79180845	1.987580646
2.792579303	1.992124913
2.793225953	1.995562249
2.793904146	1.999937824
2.794736116	2.007467034
2.795782978	2.018814888
2.79664452	2.02739701
2.79747649	2.033982564
2.7982158	2.039630996
2.798986653	2.039063907
2.799787079	2.036003459
2.800680165	2.041405968
2.801358358	2.046313399
2.802190328	2.053446778
2.803083414	2.063594171
2.80388384	2.070670349
2.804623149	2.075485163
2.805455119	2.080392289
2.806379749	2.088980238
2.807333951	2.099475591
2.808043688	2.104173559
2.808873686	2.111978016
2.809522307	2.116806145
2.810291189	2.122817826
2.811123159	2.131254949
2.812079333	2.142423515
2.812909331	2.150419947
2.813895077	2.161645334
2.814697475	2.169137826
2.815373696	2.173751317
2.81614455	2.17942584
2.81706918	2.188309629
2.817901149	2.196011382
2.818608915	2.202526216
2.819379769	2.207398416
2.820209767	2.215667541
2.82107328	2.224117858
2.82190525	2.232419122
2.822766792	2.24055503
2.823659878	2.249687615
2.824584508	2.256916109
2.825416478	2.265472258
2.826063127	2.268872736
2.826741321	2.272816189
2.82748063	2.278919262
2.828342172	2.287211866
2.829327918	2.298775103
2.830098772	2.305948972
2.830899198	2.312374982
2.831731167	2.32031707
2.832594681	2.32882828
2.833456223	2.336587895
2.834227076	2.342745355
2.835088619	2.351160136
2.835981705	2.359692174
2.836876762	2.369634092
2.837677188	2.376889378
2.838477614	2.383629938
2.839248467	2.390500277
2.840080437	2.398225305
2.841003095	2.408214975
2.841835065	2.413548461
2.842544802	2.419537793
2.843221024	2.423813466
2.844052994	2.431383935
2.844884963	2.439694537
2.84587071	2.450849128
2.846671135	2.459034251
2.847627309	2.469113926
2.848427735	2.477199996
2.849135501	2.481544982
2.84987481	2.486222977
2.850584547	2.49135449
2.851416517	2.498808701
2.852216943	2.508105868
2.853110029	2.51529659
2.853910455	2.523690862
2.854742425	2.531748089
2.855605938	2.541011177
2.856499024	2.549784072
2.857545886	2.561722472
2.85831674	2.568721833
2.858992962	2.573028392
2.859702699	2.577149273
2.860503125	2.5848586
2.861303551	2.592419409
2.862167064	2.601239368
2.863182383	2.613667151
2.86398478	2.621265339
2.864877866	2.630803827
2.865646748	2.636569477
2.866386058	2.641896111
2.867095795	2.646936004
2.867864677	2.653145859
2.86872819	2.662524707
2.869589732	2.671885046
2.870453246	2.681143141
2.871253672	2.688140234
2.872024525	2.695287917
2.872856495	2.702977538
2.873749581	2.711428657
2.874550007	2.720059351
2.875289316	2.72537602
2.876089742	2.732504136
2.876890168	2.740270726
2.877692566	2.747758395
2.878524535	2.756088663
2.879478737	2.767608578
2.880279163	2.776619801
2.881172249	2.785659416
2.882004219	2.793745581
2.882713956	2.798996784
2.883453266	2.804761763
2.884253692	2.812893655
2.885207894	2.82421012
2.886071407	2.834741507
2.88693295	2.843716838
2.887796463	2.85283083
2.888535773	2.859364639
2.889304655	2.866128649
2.890197741	2.875526798
2.891122371	2.886215823
2.89186168	2.891267462
2.892664077	2.899070206
2.893494076	2.907344972
2.894264929	2.91422082
2.895065355	2.922694061
2.895958441	2.932852158
2.896914615	2.944248524
2.89762238	2.950105952
2.898485894	2.958617344
2.89928632	2.965987557
2.900025629	2.971202058
2.900826055	2.979152774
2.901658025	2.988310278
2.902519567	2.997503084
2.903414625	3.007199545
2.904183506	3.014515958
2.90495436	3.021638904
2.90569367	3.028245833
2.906494095	3.036290955
2.907479841	3.047233591
2.908250695	3.055743713
2.908958461	3.059210371
2.909758887	3.067094023
2.91052974	3.074883855
2.91136171	3.084160111
2.912254796	3.094569925
2.913179426	3.105551251
2.914072511	3.115108031
2.915026714	3.126976221
2.915766023	3.133316785
2.916412673	3.136719463
2.917090866	3.141711303
2.917922836	3.150579438
2.919001242	3.164939315
2.919862784	3.176450726
2.920665181	3.183191639
2.921404491	3.189622328
2.922173373	3.196666417
2.923005343	3.205851712
2.923929973	3.215877927
2.924608166	3.221275611
2.925438164	3.228022868
2.926301678	3.23806193
2.927102104	3.246343354
2.927872957	3.254105742
2.928734499	3.263399252
2.929627585	3.273981452
2.930583759	3.286335217
2.931323068	3.291492101
2.932155038	3.300080246
2.932862804	3.305452445
2.933602113	3.312090368
2.934402539	3.320006258
2.935295625	3.330264894
2.936127595	3.338850789
2.937113341	3.352645586
2.937884195	3.360769595
2.938562388	3.365816836
2.939362814	3.372303665
2.940224356	3.381795036
2.941026753	3.389477377
2.941795635	3.398647094
2.942566489	3.404934603
2.943398458	3.415215823
2.944230428	3.424090693
2.945030854	3.432171231
2.945892396	3.442412022
2.946817026	3.454234697
2.947680539	3.462739483
2.948634742	3.475888333
2.949342507	3.480987307
2.950052245	3.486315166
2.95085267	3.495368079
2.9517773	3.507291005
2.952885279	3.524270828
2.953563472	3.530137724
2.954363898	3.537457302
2.955073635	3.544064339
2.955905605	3.551765785
2.956735603	3.560413706
2.95744534	3.566625063
2.95818465	3.574360555
2.959046192	3.582517675
2.959939278	3.594524129
2.960741675	3.603880562
2.961510557	3.612051202
2.962374071	3.622392818
2.963328273	3.634993463
2.964284447	3.647829491
2.965084873	3.655087652
2.965763066	3.660889176
2.966439288	3.66583266
2.967302801	3.6762488
2.968103227	3.685372252
2.969027857	3.697411282
2.969828283	3.706205568
2.970691797	3.715444682
2.971460679	3.724569925
2.972261104	3.732133002
2.973093074	3.740915856
2.973832384	3.748861988
2.974727441	3.75832136
2.975557439	3.769175293
2.976450525	3.77925405
2.977221379	3.788593507
2.977992232	3.796849442
2.978792658	3.805622983
2.9796542	3.814546958
2.980610374	3.827316945
2.9814108	3.835809621
2.982150109	3.842888504
2.982857875	3.84829527
2.983689845	3.857043565
2.984521815	3.866704671
2.985446444	3.878808348
2.986463734	3.895994219
2.98726416	3.904290602
2.98809613	3.914087564
2.988865012	3.920963265
2.989635865	3.92704825
2.990314059	3.933878758
2.991082941	3.940922498
2.99191491	3.952060024
2.992807996	3.963238516
2.993701082	3.9753343
2.99450348	3.985219231
2.995303906	3.994376809
2.996104331	4.003880733
2.997121621	4.016918484
2.997953591	4.027570407
2.998692901	4.033105025
2.999400666	4.038713541
3.000139976	4.04601069
3.000940402	4.054329862
3.001772372	4.065231332
3.002697001	4.077589403
3.003467855	4.085859155
3.004360941	4.09612833
3.005254027	4.107226245
3.006054453	4.114519874
3.006762218	4.120293952
3.007501528	4.127830179
3.008365041	4.13828772
3.009197011	4.147401735
3.010028981	4.156772138
3.010829407	4.166378401
3.011661376	4.1763538
3.012430258	4.18464161
3.013325316	4.194553426
3.014279518	4.207351538
3.015018828	4.213982137
3.015850797	4.222696053
3.016619679	4.23173888
3.017390533	4.238997394
3.018161386	4.247752066
3.019084045	4.258976369
3.020069791	4.272065694
3.0208091	4.279088739
3.021704158	4.289854063
3.022534156	4.299267305
3.023243893	4.305890777
3.024012775	4.31294644
3.024876289	4.322672527
3.025737831	4.333114475
3.026601345	4.344808308
3.027372198	4.353840439
3.02814108	4.361444964
3.028911933	4.369124785
3.029743903	4.378279686
3.030698105	4.389991577
3.031468959	4.399921111
3.032176725	4.403163662
3.033008694	4.413073815
3.03380912	4.422434811
3.03464109	4.431545968
3.035534176	4.443523041
3.036458806	4.456777433
3.037290775	4.465164163
3.038215405	4.476257787
3.039015831	4.484028541
3.039694024	4.48852231
3.040370246	4.491001694
3.0411411	4.49822725
3.042095302	4.510867069
3.042927272	4.5232396
3.043727697	4.529872915
3.044530095	4.539454613
3.045330521	4.546975121
3.046192063	4.557395427
3.047148237	4.569910709
3.04782643	4.577074501
3.048687972	4.584887967
3.049612602	4.598184529
3.050381484	4.606145684
3.051120793	4.613438604
3.051952763	4.622245171
3.052845849	4.63333249
3.053802023	4.646868745
3.054541332	4.649806925
3.055312186	4.656932876
3.055988408	4.660010207
3.056759261	4.664465749
3.057559687	4.671574242
3.058452773	4.68080602
3.059253199	4.684731742
3.060270489	4.69583834
3.061163575	4.704547143

