1.000739883	8.59333E-05
1.001868391	0.000271856
1.002919672	7.23412E-05
1.00377664	0.000117224
1.004282351	0.000231117
1.004865289	0.000162221
1.005527945	0.000483529
1.006150742	0.000207355
1.00673368	0.000335418
1.007316617	0.000363292
1.007979273	0.000325447
1.008641929	0.000547387
1.009341953	0.000443761
1.00996475	0.000520353
1.010430602	0.00055877
1.011133117	0.000479278
1.011872999	0.000632554
1.012495796	0.000601644
1.013078734	0.000671585
1.013661672	0.000738124
1.014247101	0.000661908
1.014830039	0.000742461
1.015452836	0.000809186
1.016115491	0.000785283
1.016815515	0.00083472
1.017515539	0.000908688
1.018061109	0.000916169
1.01856682	0.000906129
1.019229476	0.000962731
1.01988964	0.001001889
1.02043521	0.000967375
1.021018148	0.00105911
1.021680804	0.001098399
1.022263742	0.001049868
1.022926398	0.00113136
1.023626422	0.001177841
1.024211851	0.001160925
1.024754929	0.001256576
1.025534671	0.001264577
1.026197327	0.001268919
1.026780265	0.001326068
1.027325835	0.001365588
1.027868914	0.001380432
1.028491711	0.001430726
1.029114507	0.001495218
1.029737304	0.001474901
1.030360101	0.001436864
1.031022757	0.001533404
1.031685413	0.001580457
1.032228492	0.001616744
1.032774062	0.001684998
1.033436718	0.001647033
1.034136741	0.001680117
1.034759538	0.001780646
1.035342476	0.001760312
1.035965273	0.001804071
1.03658807	0.001862123
1.037290585	0.001866948
1.038030467	0.001896803
1.038613405	0.001954947
1.039196343	0.001991738
1.039936226	0.001993157
1.040559022	0.00205511
1.041064734	0.002066836
1.041570445	0.002089306
1.042155874	0.002129856
1.04277867	0.002170527
1.043438835	0.002211325
1.044101491	0.00227011
1.044801515	0.002300342
1.045541397	0.002262467
1.046164194	0.002335682
1.046632537	0.002394247
1.047215475	0.002395581
1.047915499	0.002454772
1.048538296	0.00250305
1.049161093	0.002461293
1.049746522	0.00253478
1.050446545	0.002601416
1.051029483	0.002599249
1.051614912	0.002651266
1.052237709	0.00268175
1.052860506	0.002705035
1.053403585	0.002742613
1.054143467	0.002809713
1.054845982	0.002833324
1.05542892	0.002838515
1.056051717	0.002919991
1.056714373	0.002914564
1.057297311	0.002945225
1.057920108	0.003019635
1.058620131	0.003025269
1.059282787	0.00305627
1.059942952	0.00314191
1.060488522	0.003154455
1.061034092	0.003152434
1.061696748	0.003187223
1.062319545	0.003258421
1.062862623	0.003256436
1.063408194	0.003323854
1.064070849	0.003388058
1.064693646	0.003357128
1.065316443	0.003417638
1.065976608	0.003474677
1.066679123	0.003443992
1.067222201	0.0034934
1.067807631	0.003579673
1.068547513	0.003571143
1.06917031	0.003617293
1.069753248	0.003685404
1.070336186	0.003691088
1.070958983	0.003711629
1.071581779	0.003772678
1.072167208	0.003800517
1.072750146	0.003806268
1.073412802	0.003886046
1.074112826	0.003929163
1.074618537	0.00392363
1.075201475	0.003992235
1.075941357	0.003987591
1.076604013	0.004056609
1.07722681	0.004125556
1.077809748	0.004124087
1.078472404	0.004137735
1.07913506	0.00420329
1.079757857	0.004242803
1.08045788	0.004234421
1.081118045	0.004355837
1.081663615	0.004361751
1.082249044	0.004364111
1.082871841	0.004444731
1.083454779	0.004480617
1.084077576	0.004472021
1.084660513	0.004556389
1.08528331	0.004573916
1.085906107	0.00458773
1.086568763	0.004680101
1.08719156	0.004720127
1.087891584	0.004719429
1.088554239	0.004755955
1.088982724	0.004828895
1.08960552	0.004857854
1.090305544	0.00488719
1.0909682	0.004957611
1.091551138	0.004964009
1.092173935	0.004978096
1.092756873	0.005063327
1.093302443	0.005073366
1.093925239	0.0050988
1.094625263	0.005188539
1.095287919	0.005225539
1.095833489	0.005228141
1.096456286	0.005280072
1.097196169	0.005343933
1.097818965	0.005331883
1.098401903	0.005391306
1.0990247	0.005503836
1.099647497	0.005446522
1.100270294	0.005547866
1.100893091	0.005607726
1.101555747	0.005611102
1.102293138	0.005656505
1.102761481	0.005696786
1.103189965	0.005736892
1.10385013	0.005763074
1.104552645	0.005838826
1.10521281	0.005842316
1.105798239	0.005849209
1.106381177	0.005951097
1.107003973	0.005984866
1.107666629	0.005988448
1.108326794	0.006102417
1.109029309	0.006125331
1.109652106	0.00612496
1.110235044	0.006208259
1.110935067	0.006231253
1.111557864	0.006253836
1.112143293	0.006287689
1.112686372	0.006374841
1.113271801	0.006374371
1.11381488	0.00640426
1.114437677	0.006480571
1.115100333	0.006469104
1.115762988	0.006561093
1.116463012	0.006641906
1.11704595	0.006603169
1.117551661	0.006694445
1.118254176	0.006740904
1.118876973	0.006736972
1.119459911	0.006798159
1.120042848	0.0068671
1.120628277	0.006859142
1.121251074	0.006897615
1.121911239	0.006986454
1.122613754	0.007025532
1.123313778	0.007056922
1.123859348	0.007145274
1.124402426	0.007156451
1.125104941	0.007180245
1.125727738	0.007277019
1.126350535	0.007277176
1.126933473	0.007300296
1.127596129	0.00738205
1.128256293	0.007440626
1.12887909	0.007464121
1.129581605	0.007523084
1.130281629	0.007585981
1.131021511	0.007587062
1.131449996	0.007632685
1.131993074	0.007725777
1.13265573	0.007710847
1.133318386	0.0077465
1.133861465	0.007847576
1.134367176	0.007854973
1.134952605	0.007862925
1.135575402	0.007980353
1.136235567	0.008012312
1.136938082	0.008036791
1.137638105	0.008115983
1.138183675	0.008115966
1.138883699	0.008140517
1.139583723	0.008243376
1.140206519	0.008294878
1.140752089	0.008287092
1.141414745	0.008354634
1.141997683	0.008417739
1.142660339	0.008442247
1.143320504	0.008537447
1.144020527	0.008617335
1.144643324	0.008602368
1.145266121	0.008642452
1.145657238	0.008716235
1.146280034	0.008752471
1.147019917	0.008762061
1.147642714	0.008889017
1.148265511	0.008901729
1.148848449	0.008914141
1.149471245	0.009021626
1.150133901	0.009014976
1.150794066	0.00906363
1.151456722	0.009143995
1.151962433	0.009203405
1.152545371	0.009164516
1.153285253	0.009257548
1.15390805	0.009349743
1.15445362	0.009318475
1.15499919	0.009426026
1.155542269	0.009466179
1.156127698	0.009459062
1.156750495	0.009527729
1.15741066	0.009604725
1.158073316	0.009622157
1.158773339	0.009703596
1.159475854	0.009781165
1.159941706	0.009749237
1.160524644	0.009817915
1.161264527	0.009919904
1.161887324	0.009893297
1.162472753	0.009962168
1.16305569	0.01005505
1.163718346	0.01004479
1.164378511	0.010118478
1.165081026	0.010180609
1.165663964	0.010205722
1.166129816	0.010281898
1.166792472	0.010371902
1.167532354	0.01039051
1.16819501	0.010420482
1.168817807	0.010466184
1.169400745	0.010515587
1.170023542	0.010561375
1.170646339	0.010655457
1.171229276	0.010636626
1.171931791	0.01069131
1.172631815	0.010802417
1.17329198	0.010840739
1.173800182	0.01085753
1.174266034	0.010962673
1.174966058	0.010965173
1.175668572	0.01101211
1.176211651	0.011138399
1.17679708	0.011131816
1.177419877	0.011141752
1.178042674	0.011256896
1.178665471	0.011287138
1.179325636	0.011321815
1.179948432	0.011372376
1.180494002	0.011430346
1.181233885	0.011474026
1.181933909	0.011586377
1.182519338	0.011665227
1.183102276	0.011654723
1.183647846	0.011721081
1.184230784	0.011759394
1.18485358	0.011794067
1.185516236	0.011865815
1.186176401	0.011962056
1.186839057	0.011952433
1.187501713	0.012056998
1.187967565	0.012118854
1.188513135	0.012104008
1.189213158	0.012184661
1.189835955	0.012289127
1.190498611	0.012287793
1.191081549	0.01233063
1.191744205	0.012456198
1.19240437	0.012426237
1.193106884	0.012490931
1.193806908	0.012654078
1.194352478	0.012639349
1.194895557	0.012698452
1.19563544	0.01278845
1.196298095	0.012774992
1.196803807	0.012837943
1.197309518	0.012954406
1.197892455	0.012964827
1.198477884	0.012999979
1.199100681	0.013097345
1.199760846	0.01312104
1.200463361	0.013157586
1.201240611	0.013289886
1.201903267	0.013321987
1.202331751	0.013351514
1.202914689	0.013461282
1.203614713	0.013498055
1.204277369	0.013472395
1.204900166	0.013611796
1.205562822	0.013635846
1.206185618	0.013700892
1.206808415	0.01380745
1.207391353	0.013797531
1.208054009	0.013854896
1.208636947	0.01400273
1.209259744	0.014005792
1.2099224	0.01403009
1.210545196	0.014132945
1.211088275	0.014155925
1.211673704	0.014233519
1.212296501	0.014340771
1.212879439	0.014360165
1.213502236	0.014417556
1.214164892	0.014504667
1.214864915	0.014550585
1.215564939	0.014600721
1.216187736	0.014700104
1.216733306	0.014744311
1.217395962	0.014743978
1.2179789	0.014813791
1.218484611	0.014912017
1.219067549	0.014940087
1.219690345	0.01501056
1.220353001	0.015127699
1.221015657	0.015173658
1.221675822	0.015198647
1.222378337	0.015303955
1.222921415	0.015344358
1.223544212	0.015398402
1.224284095	0.015533868
1.224946751	0.015563313
1.225492321	0.015608128
1.226075259	0.015682934
1.226658197	0.015736737
1.227320852	0.015736807
1.22790379	0.015866591
1.228489219	0.015933231
1.229112016	0.015949752
1.22981204	0.016047543
1.230317751	0.016138659
1.230900689	0.016154762
1.231603204	0.016235897
1.232226001	0.016320291
1.232808938	0.016332246
1.233431735	0.016437939
1.234094391	0.016531547
1.234717188	0.016518685
1.235339985	0.016650068
1.236040008	0.016765641
1.236740032	0.016779384
1.237325461	0.016842577
1.237948258	0.016914836
1.238531196	0.01690153
1.239076766	0.01701963
1.239619845	0.017082442
1.240242642	0.017112324
1.240865439	0.017189111
1.241488235	0.017287288
1.242150891	0.017305048
1.242813547	0.017416731
1.243513571	0.017507694
1.244213594	0.017547465
1.24460222	0.01764272
1.245225017	0.017702874
1.245964899	0.017760468
1.246587696	0.017812164
1.247210493	0.017915309
1.247795922	0.017970863
1.248418719	0.018022713
1.248961798	0.018120642
1.249584594	0.018168306
1.25024725	0.018177941
1.250909906	0.018350847
1.251492844	0.018406683
1.252115641	0.018424445
1.252855524	0.018530005
1.253518179	0.018656056
1.254140976	0.018661017
1.254763773	0.018769411
1.255346711	0.018855744
1.255969508	0.018873727
1.256592305	0.018982357
1.257332187	0.019110138
1.25807207	0.019117062
1.258537922	0.019210597
1.259043633	0.019322106
1.259629062	0.019348396
1.260289227	0.019401825
1.260912024	0.019493701
1.261534821	0.019542328
1.26212025	0.019607753
1.262743046	0.019717186
1.263403211	0.019792587
1.264105726	0.019833986
1.264765891	0.019979015
1.265311461	0.020031094
1.265857031	0.020031035
1.266479828	0.020206193
1.267139992	0.020225431
1.267802648	0.020279554
1.268425445	0.020407149
1.269008383	0.020503704
1.269514094	0.020520595
1.270099523	0.020617309
1.27072232	0.020710347
1.271422343	0.020721756
1.272162226	0.020856164
1.272707796	0.020943795
1.273213507	0.020943371
1.273913531	0.021094906
1.274576187	0.021180303
1.275198984	0.021221313
1.275781921	0.021296745
1.276404718	0.021372904
1.277027515	0.021453513
1.277690171	0.021530475
1.278390195	0.021678392
1.279090218	0.021751771
1.279595929	0.021786741
1.280141499	0.021919147
1.280804155	0.021939292
1.281426952	0.021998376
1.282049749	0.022145578
1.282632687	0.022199703
1.283255484	0.022241337
1.283838422	0.022352864
1.284461218	0.022434297
1.285123874	0.022507669
1.285863757	0.022639877
1.28660364	0.022745708
1.28714921	0.022790721
1.287692289	0.022871105
1.288432171	0.022986032
1.289132195	0.023007377
1.289677765	0.02309242
1.290146108	0.023220453
1.290768905	0.023236096
1.291391702	0.023362635
1.292014499	0.023467096
1.292714522	0.023519772
1.293377178	0.023594023
1.293920257	0.023710595
1.294582913	0.02375831
1.295282937	0.023873485
1.295868366	0.023973296
1.296411445	0.024027872
1.296996874	0.024074362
1.297579811	0.024218889
1.298242467	0.024284768
1.298902632	0.024314963
1.299682374	0.024517053
1.30030517	0.024582397
1.300888108	0.02466491
1.301276734	0.024721444
1.301862163	0.02479964
1.302562186	0.024857715
1.303224842	0.02496884
1.30380778	0.025096445
1.304390718	0.025125587
1.305053374	0.02522352
1.30571603	0.025348449
1.306376194	0.025415111
1.307078709	0.0255051
1.307661647	0.025678171
1.308284444	0.025703882
1.309024326	0.025790358
1.309684491	0.025942818
1.310230061	0.025962625
1.310735772	0.02604468
1.311281342	0.026181632
1.31186428	0.026265367
1.312449709	0.026290612
1.313109874	0.026434634
1.313849756	0.026526246
1.314629498	0.026672938
1.315289663	0.026758616
1.315718147	0.026920987
1.316340944	0.02693373
1.317043459	0.027011437
1.317666256	0.027173565
1.318209334	0.027225514
1.318832131	0.027297266
1.319454928	0.027464247
1.320157443	0.027542352
1.320857467	0.027615936
1.321403037	0.027786199
1.32182903	0.027822398
1.322491686	0.02789994
1.323271427	0.028025474
1.323894224	0.028152347
1.324477162	0.028210236
1.325099959	0.028296324
1.325722756	0.028437123
1.326345553	0.02852793
1.327008208	0.028628785
1.327631005	0.028824626
1.328331029	0.028899138
1.328991194	0.028972843
1.329499396	0.029120919
1.330005107	0.0291457
1.330665272	0.029233296
1.331250701	0.029369617
1.33179378	0.029468512
1.332379209	0.029522654
1.333039373	0.029656328
1.333702029	0.029799338
1.334364685	0.029855394
1.33502485	0.029989388
1.335610279	0.030126403
1.336153357	0.030212083
1.336855872	0.030278478
1.337555896	0.030445942
1.338178693	0.030575028
1.338761631	0.030671118
1.33934706	0.03080874
1.339890139	0.030931686
1.340512935	0.030950668
1.34121545	0.031068238
1.341838247	0.031267022
1.342461044	0.031355311
1.343121209	0.031449157
1.343666779	0.031605003
1.344249717	0.031683356
1.345029458	0.031798752
1.345692114	0.031971572
1.346275052	0.032054784
1.346897849	0.032166766
1.347520646	0.032292722
1.348183302	0.032447525
1.348883325	0.032566301
1.34954349	0.032679583
1.350051692	0.032817093
1.350594771	0.032830294
1.351334654	0.032978242
1.35199731	0.033166236
1.352463162	0.033186954
1.353008732	0.033279346
1.353591669	0.033423865
1.354214466	0.033527621
1.354837263	0.033617497
1.355499919	0.033796895
1.356239802	0.033978387
1.356979684	0.034066837
1.357639849	0.034172012
1.358068333	0.034341396
1.358653762	0.034393533
1.359313927	0.034512962
1.359936724	0.034659566
1.360559521	0.03476423
1.361222177	0.034879348
1.3619222	0.035046978
1.362507629	0.035197761
1.363090567	0.035287731
1.363713364	0.035388167
1.364296302	0.035543877
1.364841872	0.035600282
1.365504528	0.035772344
1.366164692	0.035944491
1.366750121	0.036020922
1.367372918	0.036164146
1.367995715	0.036316882
1.368578653	0.036421672
1.369161591	0.036531242
1.369864106	0.036724078
1.370641356	0.03690969
1.371304012	0.037026448
1.37188695	0.037159992
1.372392661	0.037239684
1.37297809	0.037283865
1.373600887	0.037456472
1.374183825	0.03764701
1.374766763	0.037696034
1.375389559	0.037845388
1.376012356	0.037961778
1.376675012	0.038098274
1.377375036	0.038269039
1.378077551	0.038477894
1.37862063	0.038606704
1.379243426	0.038628882
1.379983309	0.038900822
1.380645965	0.039038057
1.381191535	0.039091436
1.381774473	0.039302526
1.38239727	0.03942945
1.383020067	0.039499468
1.383603004	0.039634926
1.384148574	0.039793183
1.384848598	0.039898928
1.385588481	0.040072539
1.386056824	0.040238431
1.386639762	0.040322033
1.387379645	0.040472213
1.388002441	0.040690616
1.388585379	0.040798326
1.389130949	0.040881155
1.389753746	0.041066556
1.390416402	0.041277169
1.391039199	0.041391217
1.391739223	0.041569797
1.392439246	0.041782016
1.393024675	0.041876138
1.393567754	0.04198341
1.394190551	0.0422033
1.39477598	0.042283302
1.395358918	0.042420793
1.395981715	0.042655498
1.396604512	0.042756078
1.397267167	0.042915545
1.397889964	0.043102724
1.398550129	0.043204743
1.399252644	0.043413885
1.399952667	0.043671223
1.400418519	0.043709806
1.401081175	0.043817113
1.401781199	0.044041228
1.402366628	0.044208943
1.402989425	0.044344232
1.403612222	0.044489266
1.404155301	0.044699398
1.40474073	0.044785585
1.405363527	0.044911637
1.40606355	0.045165826
1.406726206	0.045264421
1.407269285	0.045436573
1.407931941	0.045685258
1.408594597	0.045784172
1.409177534	0.045972528
1.409800331	0.046147802
1.410423128	0.04634259
1.411045925	0.046479373
1.411668722	0.046669596
1.412291519	0.046811459
1.412991542	0.046946288
1.413691566	0.047183199
1.414199768	0.047370172
1.414705479	0.047372534
1.415328276	0.047617011
1.415951073	0.047803323
1.41657387	0.0479022
1.417156808	0.048126353
1.417779605	0.048303336
1.418402402	0.048480456
1.419065057	0.048634708
1.419765081	0.048897653
1.420427737	0.049076599
1.421010675	0.049213881
1.421593613	0.049400088
1.422216409	0.049626901
1.422879065	0.049777093
1.423501862	0.050009126
1.424124659	0.050148404
1.424747456	0.050277996
1.425330394	0.050430752
1.425953191	0.050663395
1.426575987	0.050808023
1.427238643	0.050968887
1.427938667	0.051293071
1.428484237	0.051440239
1.428950089	0.051471738
1.429612745	0.051687114
1.430312769	0.051982629
1.430935565	0.052118308
1.431520994	0.052326476
1.432143791	0.052546006
1.432766588	0.052677124
1.433426753	0.052893413
1.434166636	0.053245835
1.434789432	0.053411875
1.435295143	0.05352437
1.435840713	0.053663078
1.436503369	0.05387534
1.437126166	0.054046785
1.437748963	0.054317125
1.438331901	0.054472538
1.438954698	0.054629572
1.439577495	0.054885615
1.440200291	0.055092391
1.440823088	0.055284479
1.441523112	0.055553954
1.442262995	0.0558797
1.442808565	0.055990042
1.443314276	0.056113774
1.443976932	0.056392485
1.444637096	0.056557203
1.445259893	0.05682483
1.445805463	0.056980364
1.446388401	0.057127539
1.447011198	0.057380766
1.447713713	0.057642336
1.448453595	0.057995179
1.44911376	0.058160979
1.44965933	0.058352171
1.450321986	0.058667775
1.450982151	0.058843994
1.451527721	0.059055576
1.452110659	0.059273813
1.452773314	0.059435591
1.453356252	0.059733999
1.453979049	0.060024285
1.454601846	0.060269831
1.455304361	0.060478891
1.456041752	0.060849617
1.456627181	0.061074211
1.457055666	0.061062148
1.457638603	0.061316886
1.458378486	0.061618508
1.459001283	0.061875345
1.459584221	0.062125668
1.46016965	0.062341171
1.460752588	0.062521598
1.461415244	0.062810982
1.462075408	0.063145694
1.462815291	0.063514288
1.463360861	0.063678713
1.463983658	0.064012552
1.46472354	0.064387013
1.465306478	0.064548529
1.465891907	0.06483614
1.466434986	0.065036452
1.466980556	0.065206772
1.467563494	0.065358703
1.468148923	0.065667172
1.468809088	0.065994358
1.469548971	0.066345599
1.470288853	0.066732512
1.47091165	0.067018446
1.471340134	0.067113775
1.471923072	0.067377985
1.472625587	0.067723749
1.473248384	0.068000345
1.473831322	0.068255056
1.474493978	0.068574425
1.475154142	0.068980074
1.475816798	0.069315208
1.476556681	0.069684689
1.477062392	0.069794803
1.477528244	0.069877716
1.4781909	0.070173074
1.478890923	0.070587282
1.47951372	0.070871099
1.480099149	0.07118892
1.480682087	0.071384791
1.481265025	0.071626584
1.481887822	0.071962098
1.482510619	0.072318237
1.483213134	0.072678556
1.483913157	0.07312571
1.484613181	0.073614047
1.485158751	0.073768629
1.485664462	0.07386519
1.486364486	0.074267579
1.487027141	0.074653116
1.487532853	0.074796019
1.48811579	0.075050231
1.488738587	0.075332202
1.489361384	0.075680887
1.490063899	0.076090203
1.490763923	0.07656631
1.49134686	0.076913843
1.49193229	0.077118268
1.492672172	0.077597436
1.493372196	0.078044181
1.493994993	0.078358964
1.494540563	0.078623717
1.495123501	0.07889575
1.495746297	0.079123842
1.496369094	0.079562825
1.497108977	0.08002383
1.497691915	0.080250471
1.498277344	0.080528861
1.498900141	0.080850646
1.499365993	0.081040575
1.499948931	0.081252403
1.500611587	0.081747031
1.501274242	0.08208221
1.50185718	0.082418438
1.502479977	0.08277774
1.503102774	0.083116661
1.50376543	0.083494201
1.504425594	0.083928745
1.505128109	0.084433219
1.505711047	0.084745198
1.506256617	0.084951809
1.506956641	0.085431257
1.507656665	0.085833436
1.508162376	0.085991733
1.508707946	0.08624567
1.509290883	0.08650191
1.50991368	0.086838406
1.510536477	0.087284107
1.511238992	0.087755536
1.511939016	0.088299926
1.512678898	0.088893884
1.513301695	0.089299533
1.513730179	0.089345615
1.514313117	0.089556868
1.515013141	0.090123847
1.515635938	0.090556543
1.516258735	0.090885404
1.516921391	0.091388842
1.517584046	0.091778008
1.518206843	0.09205555
1.518749922	0.092396258
1.519372719	0.092768146
1.519918289	0.092999839
1.520463859	0.09324212
1.521163883	0.093797088
1.521863906	0.094336844
1.522486703	0.094725822
1.523072132	0.095097058
1.523732297	0.095546506
1.524317726	0.095886887
1.524940523	0.096392233
1.525640547	0.096892384
1.526380429	0.09753181
1.527080453	0.098064344
1.527626023	0.098319756
1.528131734	0.098299816
1.52879439	0.098820292
1.529417187	0.099275554
1.529960266	0.099494734
1.530505836	0.099824603
1.531128632	0.100354321
1.531751429	0.100747645
1.532374226	0.101204416
1.53307425	0.101729835
1.533776765	0.102350686
1.534319844	0.102729481
1.534905273	0.103037554
1.535565437	0.103598757
1.536228093	0.104044487
1.536811031	0.104511537
1.537433828	0.104971071
1.538056625	0.105288305
1.538642054	0.10569304
1.539264851	0.106116489
1.539847788	0.106463442
1.540510444	0.106948438
1.541170609	0.107618914
1.541716179	0.107932376
1.542299117	0.108206275
1.543039	0.109000187
1.543701655	0.109587831
1.544324452	0.109945005
1.54490739	0.11035265
1.545492819	0.110792601
1.546115616	0.111278027
1.546738413	0.111747869
1.547398578	0.112327063
1.548101092	0.11293107
1.54868403	0.113218287
1.549306827	0.113631004
1.549929624	0.114086606
1.550475194	0.114361088
1.551018273	0.114811357
1.551680929	0.115318763
1.552343585	0.115810565
1.552966381	0.116454449
1.553589178	0.116965406
1.554211975	0.117385982
1.554951858	0.118141527
1.555651881	0.118932094
1.556117734	0.119021159
1.556780389	0.119579828
1.557480413	0.120302301
1.558065842	0.120647212
1.55864878	0.121077813
1.559271577	0.121479674
1.559894374	0.121876459
1.560439944	0.12229963
1.561022882	0.122683111
1.561685537	0.123314509
1.562385561	0.123960096
1.562931131	0.124454323
1.563591296	0.124979505
1.564293811	0.12562669
1.564876749	0.126119633
1.565459686	0.126564514
1.566082483	0.127050579
1.566667912	0.127523185
1.567290709	0.128090678
1.567913506	0.128620884
1.568690756	0.129509027
1.569507866	0.130417473
1.569976209	0.13060738
1.570404693	0.130529752
1.570987631	0.131042262
1.571650287	0.131664358
1.572233225	0.132172218
1.572816163	0.132615592
1.57343896	0.133197739
1.574061757	0.1336938
1.574724412	0.134382919
1.575387068	0.135034692
1.576047233	0.135730059
1.57667003	0.136292755
1.5772156	0.136735387
1.577878256	0.137264348
1.57853842	0.137994099
1.579161217	0.138531288
1.579746646	0.138951619
1.580369443	0.139364663
1.580912522	0.139830673
1.581497951	0.140289862
1.582120748	0.140828758
1.582860631	0.141661205
1.583637881	0.14272075
1.584143592	0.14310368
1.584689162	0.143212838
1.585351818	0.143920721
1.586051842	0.14466524
1.586674638	0.145397834
1.587297435	0.145961944
1.587920232	0.146477365
1.588543029	0.14707499
1.589205685	0.147742246
1.589905709	0.148429878
1.590528505	0.148930535
1.591034216	0.149234736
1.591579787	0.14953738
1.592239951	0.150222873
1.592862748	0.150970998
1.593525404	0.151646828
1.594148201	0.15227008
1.594770998	0.152882816
1.595393794	0.153512425
1.596016591	0.154131514
1.596639388	0.154833302
1.597339412	0.155608949
1.598039435	0.156429127
1.598507779	0.156727538
1.59901349	0.156947381
1.599676146	0.157512427
1.60033631	0.158385464
1.600921739	0.158888809
1.601464818	0.159179239
1.602087615	0.1599345
1.602710412	0.160635251
1.603373068	0.161351523
1.604073091	0.162286984
1.604775606	0.163135261
1.605318685	0.163554388
1.605941482	0.164230125
1.606643997	0.165096629
1.607226935	0.165730662
1.607809873	0.166138689
1.608395302	0.16679583
1.609018098	0.167352287
1.609640895	0.167997585
1.61030106	0.168840834
1.611040943	0.169709714
1.611780825	0.1706679
1.612326395	0.171163172
1.612715021	0.171032708
1.613260591	0.171251262
1.613960614	0.172251356
1.61462327	0.173181692
1.615246067	0.1737922
1.615829005	0.174343324
1.616491661	0.175186595
1.617191684	0.175940135
1.617891708	0.177005461
1.618554364	0.177856275
1.619099934	0.178166482
1.619722731	0.178635581
1.620460122	0.17971321
1.621122778	0.180488296
1.621705716	0.180792717
1.622251286	0.181121
1.622719629	0.181295911
1.623302567	0.181623097
1.623925364	0.182356542
1.62458802	0.183206591
1.625248185	0.183939761
1.625988067	0.184961767
1.626650723	0.18586964
1.627079207	0.18592419
1.627662145	0.186365377
1.628362169	0.187323643
1.629024825	0.18811608
1.629607763	0.188709549
1.630230559	0.189420012
1.630853356	0.190080549
1.631555871	0.190773271
1.632293263	0.191829432
1.632838833	0.192241273
1.633307176	0.192122501
1.633929973	0.192728919
1.634669855	0.193854921
1.635292652	0.194681441
1.635915449	0.195261298
1.636458528	0.195758928
1.637043957	0.196273169
1.637666754	0.196994719
1.638289551	0.197767406
1.638949715	0.198595816
1.639729457	0.199822357
1.640429481	0.200921881
1.640935192	0.201231817
1.641440903	0.201226177
1.642103559	0.202091413
1.642726356	0.202856435
1.643271926	0.203245531
1.643815004	0.203628886
1.644400433	0.20431141
1.64502323	0.20492557
1.645646027	0.205737972
1.646346051	0.206679372
1.646968848	0.207475996
1.647514418	0.207929527
1.648214441	0.209025582
1.648914465	0.210065857
1.649537262	0.210762773
1.650122691	0.211461035
1.650705629	0.211858918
1.651288567	0.212393154
1.651951223	0.213176302
1.652574019	0.213903763
1.653236675	0.214733422
1.65389684	0.215671287
1.654559496	0.216485132
1.655065207	0.216898073
1.655570918	0.217026899
1.656270942	0.217977695
1.656933597	0.218952736
1.657556394	0.219684078
1.658139332	0.220427695
1.658801988	0.221193806
1.659464644	0.222154255
1.660124808	0.22322911
1.660864691	0.224383973
1.661487488	0.225164351
1.662110285	0.225734017
1.662850168	0.226748349
1.663433105	0.227307778
1.663941308	0.227525821
1.664447019	0.227737897
1.665029957	0.228183676
1.665612894	0.228875715
1.666235691	0.229716754
1.666898347	0.23042646
1.667598371	0.231600066
1.668338253	0.232871823
1.669000909	0.233864348
1.669429394	0.233861313
1.67005219	0.23440746
1.670712355	0.235429765
1.671375011	0.236384268
1.671997808	0.237155763
1.672660464	0.2379794
1.67328326	0.238418599
1.673866198	0.239076598
1.674528854	0.239809678
1.675151651	0.240641109
1.67569473	0.241294691
1.676280159	0.241753239
1.676940324	0.242741239
1.677602979	0.243834024
1.678185917	0.244454825
1.678771346	0.245018699
1.679394143	0.245830643
1.679977081	0.246527634
1.680599878	0.247219367
1.681299902	0.248315627
1.682002416	0.249470858
1.682779667	0.250678558
1.683325237	0.251355362
1.683830948	0.251153262
1.684493604	0.25180176
1.685076542	0.252485052
1.685622112	0.252775229
1.686127823	0.253036393
1.68675062	0.253761363
1.687410784	0.25475325
1.688033581	0.255560435
1.688736096	0.256594866
1.689396261	0.257751271
1.68998169	0.258554572
1.690604487	0.258946006
1.691264651	0.259970776
1.691887448	0.26084522
1.692472877	0.261388915
1.693095674	0.261967782
1.693718471	0.262692443
1.694341268	0.263266254
1.694924206	0.263944824
1.695507143	0.264606327
1.696169799	0.265443818
1.696909682	0.26673697
1.697415393	0.267387829
1.697960963	0.267432946
1.698660987	0.268546744
1.69936101	0.269865662
1.699946439	0.270542527
1.700569236	0.271202389
1.701229401	0.272230923
1.701969284	0.273302203
1.70263194	0.274186421
1.703371822	0.275446461
1.703994619	0.276208546
1.70450033	0.276173427
1.705123127	0.276596457
1.705706065	0.277300328
1.706251635	0.277629308
1.706834573	0.278169719
1.707420002	0.278921967
1.708042799	0.27974532
1.708702963	0.280592941
1.70932576	0.281481951
1.709988416	0.282325256
1.71068844	0.283598376
1.711351095	0.284819199
1.711816948	0.284626263
1.712402377	0.28521767
1.7131024	0.286405181
1.713765056	0.28726943
1.714387853	0.287939129
1.714970791	0.288419923
1.715593588	0.289049114
1.716176526	0.289677854
1.716761955	0.290201234
1.717384751	0.291008475
1.718044916	0.292082223
1.718590486	0.292664924
1.719213283	0.29328473
1.719953166	0.2946043
1.720575963	0.295709736
1.721238618	0.296497604
1.721861415	0.297261366
1.722444353	0.297847136
1.72306715	0.298493403
1.723650088	0.299079859
1.724352603	0.300090175
1.725052626	0.301106705
1.725598196	0.301569412
1.726103907	0.301479927
1.726726704	0.302098766
1.727309642	0.302805915
1.727932439	0.303585759
1.728478009	0.304103136
1.729100806	0.304693777
1.729760971	0.305677548
1.730383767	0.306625641
1.731046423	0.307593312
1.731709079	0.308579477
1.732331876	0.309392579
1.732874955	0.309727655
1.73357747	0.310752347
1.734237634	0.311984596
1.73490029	0.312759298
1.735483228	0.313222049
1.736068657	0.313691453
1.736611736	0.314004319
1.737234533	0.314558491
1.73785733	0.315524852
1.738559845	0.316655628
1.739299727	0.318003137
1.739842806	0.318783694
1.740388376	0.318560851
1.7410884	0.319562104
1.741751056	0.320826397
1.742373852	0.321581477
1.74295679	0.322072215
1.74350236	0.322526354
1.744125157	0.323186718
1.744787813	0.32413654
1.745604923	0.325751311
1.746304946	0.326955621
1.746773289	0.326857313
1.747279001	0.326795902
1.747901797	0.327482734
1.748524594	0.328109915
1.749147391	0.328905682
1.749730329	0.329574222
1.750353126	0.330286728
1.750975923	0.330969587
1.751638579	0.332015369
1.752338602	0.333147196
1.753078485	0.334612581
1.753818368	0.33622366
1.75428422	0.336192456
1.75482979	0.336182487
1.755492445	0.337081244
1.75615261	0.337986137
1.756738039	0.338394475
1.757281118	0.338752594
1.757866547	0.339221684
1.758526712	0.34009202
1.759189368	0.341150712
1.759889391	0.34231409
1.760512188	0.343070163
1.761017899	0.343090078
1.761640696	0.343828603
1.762303352	0.344702474
1.76288629	0.345306962
1.76343186	0.345656107
1.764054657	0.346305331
1.764677454	0.347118581
1.76530025	0.347956574
1.765923047	0.348734415
1.766623071	0.349716106
1.767325586	0.350875
1.76798575	0.351582969
1.768414235	0.351455583
1.768997173	0.351656502
1.769699687	0.352993629
1.770359852	0.354171209
1.770982649	0.354964929
1.771605446	0.355533971
1.772228243	0.35615811
1.772890898	0.357113365
1.773590922	0.358405744
1.774253578	0.35946597
1.774799148	0.359832538
1.775421945	0.360361289
1.776159336	0.361786013
1.776821992	0.362787618
1.777327703	0.362958025
1.777873273	0.363008372
1.778378984	0.363227688
1.779001781	0.363807069
1.779624578	0.364637385
1.780287234	0.365837156
1.781027117	0.367371743
1.781764508	0.368919202
1.782387305	0.369941985
1.782815789	0.369516536
1.783438586	0.369982537
1.784178469	0.371625201
1.784763898	0.372611511
1.785306977	0.372884328
1.785892406	0.373417592
1.786515202	0.374026446
1.787175367	0.374858318
1.787877882	0.376104907
1.78846082	0.37664526
1.788926672	0.376503728
1.789589328	0.377214851
1.79032921	0.378619136
1.790952007	0.379575153
1.791574804	0.380291749
1.792120374	0.380776889
1.792703312	0.381356407
1.793326109	0.382184939
1.793948906	0.383038602
1.794611562	0.384382094
1.795311585	0.385783834
1.796011609	0.387266746
1.796597038	0.388195202
1.797102749	0.387927939
1.797802773	0.388826232
1.798465429	0.390149426
1.79897114	0.390444505
1.799554077	0.390799725
1.800176874	0.391732611
1.80083953	0.392804637
1.801499695	0.393920115
1.80220221	0.391758597
1.802785148	0.374472869
1.803407944	0.376838389
1.804147827	0.379632863
1.804770624	0.381753796
1.805316194	0.382948152
1.805859273	0.384068197
1.806404843	0.385418949
1.807067499	0.386981715
1.807690296	0.388754273
1.80835046	0.390349692
1.808973257	0.391981569
1.809596054	0.393173171
1.810218851	0.394483637
1.810764421	0.395535468
1.811309991	0.396083922
1.811970156	0.397703308
1.812632811	0.399399031
1.813215749	0.40064852
1.813801178	0.401650081
1.814423975	0.40281007
1.815006913	0.404055401
1.815706937	0.405583287
1.816409452	0.40747465
1.817032248	0.408775212
1.817615186	0.409349617
1.818394928	0.411161627
1.819094952	0.413006928
1.819560804	0.413150194
1.820106374	0.413367847
1.820689312	0.414313219
1.821312108	0.415681084
1.821974764	0.41696504
1.82263742	0.418400069
1.823337444	0.419976154
1.824037467	0.421572122
1.824700123	0.423003838
1.825128608	0.422946447
1.825711545	0.423727441
1.826411569	0.425307684
1.827034366	0.42666388
1.827657163	0.427625412
1.828319819	0.428891999
1.829019842	0.430463448
1.829605271	0.43119824
1.83014835	0.431627969
1.830733779	0.432269093
1.831316717	0.433092366
1.831939514	0.434001025
1.832639538	0.435507645
1.833342052	0.437261472
1.83392499	0.438017823
1.834507928	0.438761964
1.835130725	0.4398312
1.835753522	0.440730814
1.836376319	0.441719243
1.837078834	0.443307971
1.837816225	0.445070354
1.838556108	0.446695682
1.839061819	0.447083855
1.839570021	0.446638733
1.840152959	0.44738704
1.840735897	0.448205279
1.841321326	0.448879089
1.841864405	0.449448004
1.842487202	0.450650519
1.843149857	0.451952148
1.843772654	0.45325113
1.844472678	0.45482967
1.845212561	0.457052929
1.84579799	0.458066509
1.846420786	0.458817222
1.847158178	0.460840392
1.847743607	0.461868628
1.848289177	0.462265288
1.848832256	0.462966296
1.849494912	0.464091479
1.850157568	0.465299964
1.850740505	0.466196683
1.851286076	0.466715638
1.851908872	0.467527822
1.852608896	0.468964487
1.853114607	0.469913595
1.853660177	0.469943703
1.854360201	0.471356827
1.854982998	0.472693858
1.855565936	0.473600849
1.856151365	0.474368693
1.856774161	0.475567413
1.857434326	0.476533986
1.858057123	0.477670219
1.858797006	0.479418267
1.85949952	0.48093434
1.860082458	0.481532339
1.860705255	0.481623264
1.861288193	0.482304782
1.861833763	0.482657188
1.862416701	0.483057791
1.863039498	0.484000023
1.863702154	0.485362841
1.864364809	0.486675276
1.865024974	0.488128801
1.865727489	0.48949822
1.86646488	0.491390578
1.867087677	0.49303596
1.867516162	0.492109955
1.868138958	0.492838735
1.868878841	0.494683663
1.869541497	0.495963561
1.870124435	0.496497192
1.870709864	0.496986743
1.871292802	0.497533688
1.871838372	0.497865195
1.87242131	0.49852189
1.873083965	0.499927146
1.87374413	0.501319734
1.8742897	0.501884158
1.874952356	0.502834408
1.875612521	0.504338576
1.876235318	0.505272935
1.876820747	0.506345993
1.877443543	0.507242712
1.878026481	0.508006568
1.878649278	0.508962273
1.879272075	0.510047598
1.879972099	0.511574253
1.880789208	0.513702339
1.881334778	0.514529861
1.881803121	0.513875853
1.882386059	0.514377716
1.883048715	0.515677736
1.883631653	0.516736689
1.88425445	0.517690656
1.884837388	0.518530588
1.885460185	0.519511444
1.88612284	0.520814799
1.886785496	0.522306883
1.88748552	0.523777841
1.888108317	0.525007765
1.888653887	0.52549031
1.889314052	0.526472188
1.889976707	0.527955178
1.890639363	0.529120874
1.891222301	0.529790702
1.891845098	0.530387543
1.892350809	0.53056832
1.892896379	0.53081881
1.893519176	0.531956028
1.8942192	0.533551533
1.894959082	0.535725594
1.89554202	0.537036296
1.896047731	0.536782307
1.896670528	0.537864164
1.897373043	0.539412422
1.897955981	0.540399552
1.898578778	0.541372469
1.899161715	0.542386711
1.899824371	0.543704872
1.900524395	0.545373989
1.901264278	0.547329935
1.901964301	0.548962151
1.902432645	0.548999311
1.902978215	0.548856079
1.903561152	0.54996573
1.904183949	0.551198682
1.904846605	0.552600908
1.905429543	0.553660107
1.906012481	0.554615102
1.906635278	0.555700072
1.907258075	0.556995266
1.90792073	0.558407704
1.908660613	0.560532005
1.909437864	0.56314101
1.909983434	0.563885788
1.910529004	0.563922174
1.911229027	0.565507378
1.911929051	0.567310306
1.912474621	0.567728378
1.913020191	0.567850908
1.913565761	0.568288906
1.914188558	0.569157647
1.914811355	0.570546414
1.915471519	0.571960281
1.916174034	0.573650926
1.916756972	0.574556228
1.917419628	0.576045706
1.918079793	0.577462856
1.918625363	0.578081822
1.919208301	0.578725499
1.919870956	0.579947445
1.920453894	0.580954678
1.921076691	0.581868915
1.921779206	0.582986022
1.922439371	0.584421083
1.923139394	0.58577005
1.923724823	0.586344822
1.924153308	0.585840952
1.924696387	0.5860658
1.925398901	0.587741264
1.926021698	0.589380168
1.926644495	0.590490599
1.927267292	0.591495709
1.927890089	0.592368907
1.928550253	0.593326906
1.929290136	0.595164825
1.92999016	0.597031425
1.93053573	0.597147146
1.9310813	0.59703732
1.931821183	0.5983211
1.932443979	0.599396786
1.932989549	0.599240677
1.933572487	0.599215507
1.934078198	0.599551593
1.934623768	0.599906777
1.935246565	0.600910855
1.93590673	0.602419131
1.936609245	0.604180971
1.937349127	0.606301646
1.938049151	0.608231518
1.938515003	0.607665271
1.939100432	0.608048597
1.939760597	0.60970807
1.940383394	0.611056841
1.941006191	0.612206344
1.941628987	0.613316444
1.94236887	0.615124662
1.943031526	0.616682647
1.943691691	0.617786779
1.944160034	0.617728626
1.944588518	0.616709259
1.945248683	0.617499918
1.945951198	0.619614479
1.946573994	0.620855813
1.947156932	0.621830933
1.947779729	0.622825961
1.948402526	0.624149424
1.949065182	0.625780961
1.949725347	0.627345693
1.950427861	0.629440844
1.951165253	0.631655859
1.95178805	0.633097717
1.95233362	0.633495976
1.952801963	0.632775973
1.953462128	0.633929253
1.954124784	0.635231641
1.954670354	0.635912532
1.955213432	0.636357842
1.955836229	0.637621969
1.956498885	0.639020751
1.957161541	0.640595118
1.957821706	0.64221666
1.958407135	0.643336983
1.958990073	0.643642867
1.959690096	0.645643152
1.960352752	0.647625624
1.960975549	0.64878782
1.961598346	0.649660903
1.962181284	0.650298785
1.962766713	0.651079333
1.96338951	0.652088441
1.964049674	0.652989053
1.96471233	0.654370088
1.965335127	0.65538758
1.965997783	0.656013726
1.966503494	0.656337826
1.967046573	0.65626234
1.967709229	0.657605361
1.968332025	0.658807338
1.968914963	0.659611102
1.96953776	0.660658601
1.970160557	0.661747233
1.970783354	0.66284996
1.97144601	0.664237536
1.972146033	0.665956881
1.97276883	0.667488518
1.973391627	0.668058486
1.97413151	0.669746476
1.974831533	0.671238847
1.975377103	0.67136322
1.975882815	0.671317918
1.976468244	0.671720484
1.977051181	0.672502606
1.977713837	0.673658657
1.978336634	0.67496482
1.979036658	0.676508788
1.97977654	0.678699743
1.980436705	0.680524619
1.980865189	0.679800962
1.981450618	0.679899784
1.982110783	0.681372198
1.98273358	0.682641884
1.983396236	0.683776102
1.984096259	0.685366797
1.984681689	0.686243902
1.985264626	0.686711404
1.985810196	0.687009253
1.986470361	0.688083709
1.987093158	0.689684963
1.987755814	0.69082302
1.98841847	0.692590025
1.989041267	0.693783921
1.989584345	0.694253535
1.990169774	0.694765428
1.990752712	0.695652713
1.991375509	0.696362822
1.991958447	0.697469808
1.992621103	0.698947484
1.993360986	0.700733844
1.994138236	0.703164651
1.994723665	0.704666008
1.995269235	0.704056899
1.995812314	0.70453645
1.996397743	0.705140829
1.996980681	0.705950337
1.997603478	0.706980141
1.998266134	0.708505027
1.99888893	0.709755711
1.999471868	0.710615136
2.000134524	0.712066643
2.000874407	0.714226883
2.001457345	0.715418033
2.002080141	0.71627331
2.002780165	0.718470549
2.003365594	0.719492539
2.003908673	0.720093679
2.00453147	0.721178121
2.005233985	0.722436452
2.005856782	0.723246455
2.006439719	0.723746095
2.00698529	0.724149696
2.007645454	0.725270561
2.008425196	0.72749763
2.008891048	0.728052779
2.009476477	0.728147611
2.010176501	0.729568136
2.010799297	0.731085722
2.011382235	0.731608557
2.011967664	0.732070282
2.012590461	0.733243949
2.013213258	0.734494267
2.013873423	0.735945636
2.014613305	0.737959802
2.015275961	0.739849984
2.015858899	0.740244018
2.016404469	0.740215801
2.016987407	0.740471364
2.017572836	0.741109011
2.018155774	0.741690533
2.018778571	0.742751507
2.019441227	0.744146748
2.020064024	0.745070094
2.02068682	0.746146561
2.021346985	0.747105449
2.0220495	0.748927801
2.022749524	0.751188021
2.023215376	0.750554903
2.023800805	0.751015377
2.024460969	0.752407703
2.025123625	0.75369041
2.025786281	0.754939005
2.026409078	0.755338147
2.026952157	0.755255129
2.027457868	0.755116257
2.028080665	0.755327317
2.02878318	0.756313676
2.029443344	0.757814509
2.029988914	0.758269244
2.03065157	0.758977109
2.031311735	0.760368103
2.031897164	0.76085245
2.032519961	0.761434723
2.033142757	0.762366382
2.033765554	0.762662781
2.034388351	0.763001146
2.035011148	0.763584219
2.035751031	0.764693934
2.036488422	0.766411875
2.036996624	0.766365245
2.037462476	0.764706965
2.038045414	0.764449737
2.03870807	0.765531595
2.039330867	0.766143707
2.039913805	0.766699028
2.040536602	0.767290555
2.041199258	0.768149695
2.041899281	0.769668546
2.042639164	0.771666366
2.043339188	0.773067808
2.043884758	0.773175932
2.044430328	0.772687118
2.045092984	0.773344986
2.045753148	0.7744027
2.046375945	0.774982869
2.046998742	0.77529607
2.047544312	0.775024467
2.048089882	0.77456267
2.048632961	0.774289565
2.049255758	0.774982474
2.04999564	0.776571964
2.050735523	0.778641382
2.051320952	0.779399149
2.051826663	0.778421392
2.052486828	0.779073687
2.053189343	0.779967998
2.05381214	0.780846539
2.054434936	0.781541998
2.055057733	0.782167149
2.055640671	0.782607901
2.056263468	0.782880321
2.056963492	0.784256084
2.057626148	0.78497519
2.058092	0.784375308
2.05863757	0.783734715
2.059300225	0.784574073
2.059883163	0.785475393
2.060545819	0.78655615
2.061168616	0.787530173
2.061751554	0.788390254
2.062374351	0.789159691
2.062997148	0.79026249
2.063659803	0.791884361
2.064359827	0.793606563
2.065059851	0.795726961
2.065605421	0.796660867
2.066111132	0.796337853
2.066733929	0.797486543
2.067396585	0.79918376
2.068019381	0.800227175
2.068602319	0.80062327
2.069185257	0.801019462
2.069770686	0.80200678
2.070430851	0.803450205
2.071170734	0.805345097
2.071873248	0.807368907
2.072456186	0.807959108
2.07315621	0.80941408
2.073779007	0.810889515
2.074324577	0.811309465
2.074907515	0.811836792
2.075530312	0.81302863
2.076115741	0.814013843
2.076738537	0.814992749
2.077361334	0.816393078
2.078061358	0.817845906
2.078801241	0.820222049
2.079424037	0.821353439
2.079812663	0.820413952
2.080358233	0.820271881
2.081098115	0.822393536
2.081720912	0.824198409
2.082343709	0.825038639
2.082926647	0.825806184
2.083589303	0.827249759
2.084249468	0.828915021
2.084951982	0.830598045
2.085612147	0.832859696
2.086157717	0.833306859
2.086780514	0.833691818
2.087480538	0.83572815
2.088103334	0.837390412
2.088688763	0.837890632
2.089231842	0.838072611
2.089777412	0.838449376
2.090400209	0.839201857
2.091023006	0.840371208
2.091645803	0.841900324
2.092345827	0.843720058
2.093085709	0.845952335
2.093748365	0.847313279
2.094176849	0.846494039
2.094759787	0.846751255
2.095459811	0.848696837
2.096122467	0.850793959
2.096745264	0.852055009
2.09736806	0.852999682
2.097990857	0.853815054
2.098613654	0.854565885
2.09927631	0.856032678
2.099859248	0.856515613
2.1003251	0.855897642
2.100987756	0.856651182
2.101727638	0.859010274
2.102350435	0.86039854
2.102973232	0.861433537
2.10355617	0.861903533
2.104141599	0.862381905
2.104764396	0.86350469
2.105387193	0.864627988
2.106047357	0.86657735
2.10678724	0.868864558
2.107410037	0.870380908
2.107955607	0.871178225
2.108384091	0.870080742
2.109044256	0.871150031
2.109667053	0.873001459
2.110212623	0.873538891
2.110798052	0.874303245
2.111420849	0.876018921
2.112081013	0.878012152
2.112781037	0.880146427
2.11352092	0.882995476
2.114143717	0.885303454
2.114766513	0.886486753
2.115469028	0.888815774
2.116169052	0.891719318
2.116791849	0.893763086
2.117374787	0.894903764
2.117960216	0.895944143
2.118543154	0.897027565
2.11916595	0.898608748
2.119828606	0.900411505
2.120451403	0.902089005
2.1210742	0.90361434
2.121774224	0.905384708
2.122240076	0.906028149
2.122825505	0.906285372
2.123448302	0.908133972
2.124108466	0.910167313
2.124693895	0.911651508
2.125316692	0.912911537
2.125976857	0.914567936
2.126599654	0.916216392
2.127222451	0.917975255
2.127924965	0.920039881
2.128468044	0.921349383
2.129053473	0.921807558
2.129793356	0.923978697
2.130416153	0.92593924
2.130921864	0.925449066
2.131464943	0.9255385
2.132050372	0.926627548
2.132673169	0.928077599
2.133295966	0.929586957
2.133995989	0.931783091
2.134775731	0.93496857
2.135513122	0.938335569
2.136135919	0.940150032
2.136564403	0.939252494
2.137109973	0.939440948
2.137772629	0.941545914
2.138395426	0.943465482
2.139018223	0.944959877
2.139678388	0.947030063
2.140341044	0.949058341
2.14096384	0.950621408
2.141546778	0.951505482
2.142169575	0.953253777
2.142792372	0.954995567
2.143455028	0.956365798
2.144155052	0.959005388
2.144817707	0.961526606
2.145363277	0.962390172
2.145946215	0.963359277
2.146569012	0.965106094
2.147191809	0.966684134
2.147774747	0.967957248
2.148397544	0.96961048
2.149100059	0.971824637
2.149800082	0.974415497
2.150345652	0.976206453
2.150851363	0.975682486
2.151434301	0.976752402
2.152057098	0.978321338
2.152640036	0.979429242
2.153225465	0.980634883
2.15388563	0.982540938
2.154548285	0.985011547
2.155210941	0.987002315
2.155871106	0.988785639
2.156533762	0.991341367
2.1571167	0.992950413
2.157702129	0.99390173
2.158362293	0.996259368
2.159024949	0.998471099
2.159607887	0.999794015
2.160230684	1.001195331
2.160853481	1.00277542
2.161476278	1.004527009
2.162061707	1.00574964
2.162644645	1.007031052
2.1633073	1.009130369
2.164007324	1.01225169
2.164552894	1.014068196
2.165135832	1.014846997
2.165835856	1.01761517
2.166498512	1.020025014
2.167081449	1.021490427
2.167666878	1.022719401
2.168289675	1.024621928
2.168912472	1.026830819
2.169535269	1.028936483
2.170235293	1.031549498
2.170935316	1.034454797
2.171520745	1.035666096
2.172026456	1.036116178
2.172569535	1.036912529
2.173154964	1.038468341
2.173737902	1.039792192
2.174360699	1.041531519
2.174983496	1.043600379
2.175606293	1.045640361
2.176268949	1.048111656
2.176968972	1.050624728
2.177708855	1.054108433
2.178486105	1.058181085
2.178954449	1.058543296
2.179654472	1.060912254
2.180317128	1.063833453
2.180977293	1.06617819
2.181639949	1.068293073
2.182222887	1.069635386
2.182731089	1.070229358
2.183274168	1.071103065
2.183936823	1.072965942
2.184676706	1.07646608
2.185299503	1.07913736
2.185805214	1.079139331
2.186388152	1.080433441
2.187050808	1.083052082
2.187633746	1.084821031
2.188256542	1.086497818
2.188802113	1.087896412
2.18938505	1.089426963
2.189970479	1.09090676
2.190630644	1.09309413
2.1912933	1.095818257
2.192033183	1.099154753
2.192655979	1.101500499
2.193121832	1.100943568
2.193707261	1.102397831
2.194367425	1.10488522
2.194990222	1.107015785
2.195613019	1.108031242
2.196235816	1.109831632
2.196858613	1.111738506
2.197561128	1.114388663
2.19830101	1.117791693
2.199038402	1.121535387
2.199583972	1.123468204
2.200169401	1.124356676
2.200869424	1.127065424
2.201529589	1.129944258
2.202115018	1.131878515
2.202697956	1.133161698
2.203243526	1.134017506
2.203749237	1.134444325
2.204332175	1.135902837
2.204954972	1.138018702
2.205617628	1.140557704
2.206317651	1.143352313
2.20690308	1.145543176
2.207446159	1.145718923
2.208148674	1.148381659
2.208848698	1.15163634
2.209471495	1.153827963
2.210054432	1.155377321
2.210639861	1.156685661
2.211262658	1.158910338
2.211962682	1.161624885
2.212702565	1.165243512
2.213402588	1.168326276
2.213831073	1.168453596
2.214376643	1.168832817
2.215036807	1.171205056
2.215659604	1.173459775
2.21632226	1.176010775
2.216945057	1.178244926
2.217567854	1.180282108
2.218150792	1.180904746
2.218736221	1.182062338
2.219359017	1.184124571
2.2200989	1.187317918
2.22091601	1.191889497
2.221381862	1.193070362
2.221927432	1.193454961
2.222590088	1.195582011
2.223250252	1.198212776
2.223835681	1.199826822
2.224341392	1.200367073
2.22492433	1.201950254
2.225547127	1.204090754
2.226209783	1.206666777
2.226869948	1.209143332
2.227572462	1.211613574
2.228115541	1.212934481
2.228778197	1.215178441
2.229440853	1.218120369
2.230023791	1.21994017
2.230606729	1.221484935
2.231269385	1.223878753
2.231852322	1.225969336
2.232475119	1.2282438
2.233097916	1.230273895
2.233760572	1.232311576
2.234423228	1.235301922
2.235046025	1.237143235
2.235511877	1.237554664
2.236094815	1.238253717
2.23675747	1.241140625
2.237420126	1.244029027
2.238003064	1.245790629
2.238586002	1.247107015
2.239248658	1.249160584
2.239871455	1.251492931
2.240534111	1.254033387
2.241234134	1.257519858
2.241856931	1.259956084
2.242479728	1.261584712
2.243179752	1.264559662
2.243802548	1.267384701
2.244387978	1.269033613
2.244893689	1.269813043
2.245476626	1.271253414
2.246059564	1.272856372
2.246682361	1.274953331
2.247345017	1.277567935
2.248045041	1.280668432
2.248784923	1.284218194
2.249447579	1.287540371
2.249913431	1.287683368
2.250536228	1.288712331
2.251238743	1.292269484
2.251898908	1.295487109
2.252484337	1.297402209
2.253107134	1.299208117
2.25372993	1.301572184
2.254390095	1.304237733
2.255052751	1.307246873
2.255598321	1.308585809
2.256064173	1.30880183
2.256726829	1.310984576
2.257504079	1.315855912
2.258166735	1.318925853
2.258789532	1.321089575
2.259335102	1.322495109
2.259878181	1.323860897
2.26046361	1.325616937
2.261086407	1.327752898
2.261709204	1.330822055
2.262449086	1.33429589
2.263109251	1.337724592
2.263654821	1.339687642
2.264120673	1.339356756
2.26474347	1.341529886
2.265406126	1.344404616
2.265951696	1.345841364
2.266534634	1.347612263
2.267157431	1.350201916
2.267820086	1.353151513
2.268480251	1.355976445
2.269220134	1.359668931
2.269842931	1.362451197
2.27042836	1.363800797
2.271128383	1.366795569
2.271828407	1.370221108
2.272413836	1.372439661
2.272996774	1.374111159
2.273579712	1.375892664
2.274202509	1.378113053
2.274825305	1.380717315
2.275487961	1.383628399
2.276110758	1.386203945
2.276773414	1.388898849
2.277433579	1.391499695
2.277901922	1.392662151
2.27848486	1.393151592
2.279184883	1.396366568
2.27980768	1.399606324
2.280430477	1.401774548
2.280976047	1.403426135
2.281598844	1.405737183
2.2822615	1.408489347
2.282961524	1.411705097
2.283661547	1.415597129
2.284246976	1.417183987
2.284790055	1.418133049
2.28549257	1.421018349
2.286115367	1.423494297
2.286621078	1.424319702
2.287204016	1.425656963
2.287786954	1.427804102
2.288409751	1.429890594
2.289032547	1.432323954
2.289695203	1.435192364
2.290395227	1.438840892
2.291097742	1.4426346
2.291757906	1.445695181
2.292263617	1.446431488
2.292849046	1.448179103
2.293509211	1.451329639
2.294132008	1.453867068
2.294754805	1.45581451
2.295377602	1.458078161
2.296000399	1.460547869
2.296623195	1.462679501
2.297208624	1.464362162
2.297868789	1.467498076
2.298491586	1.470461639
2.299114383	1.472455264
2.299777039	1.475502212
2.300399836	1.478801601
2.300982773	1.480772826
2.301568202	1.483141736
2.302190999	1.485757183
2.302773937	1.48773903
2.303396734	1.490024379
2.30405939	1.493207099
2.304719555	1.496468948
2.305422069	1.500100473
2.306044866	1.504006704
2.306550577	1.504296917
2.307133515	1.505929175
2.307716453	1.508354718
2.308301882	1.510814639
2.308924679	1.513173215
2.309584844	1.516422055
2.310247499	1.520015358
2.310910155	1.523285035
2.311610179	1.527224147
2.312350062	1.532049543
2.312895632	1.534516255
2.313555796	1.536940895
2.314218452	1.540759376
2.31480139	1.543548644
2.315386819	1.54587952
2.315969757	1.548297214
2.316632413	1.550936394
2.31725521	1.554067461
2.317798289	1.556039831
2.318421085	1.558432839
2.319083741	1.561889259
2.319783765	1.566304869
2.320252108	1.567545564
2.320835046	1.568553205
2.32153507	1.572694357
2.322197726	1.57670068
2.322820522	1.579684608
2.32340346	1.582379406
2.323988889	1.584773723
2.324571827	1.587470754
2.325234483	1.59045507
2.325934507	1.594680774
2.326674389	1.599343699
2.327219959	1.601677133
2.327763038	1.603362142
2.328385835	1.605726525
2.328971264	1.608202134
2.329554202	1.610509029
2.330176999	1.613732875
2.330839655	1.617666371
2.331499819	1.621135633
2.332085248	1.624065915
2.332745413	1.627089653
2.333447928	1.631154307
2.334147952	1.635916874
2.334576436	1.636570009
2.335199233	1.638979746
2.335899256	1.643330285
2.336522053	1.646858234
2.33714485	1.64975365
2.337727788	1.652437517
2.338313217	1.654634351
2.338896155	1.657103456
2.339558811	1.660457834
2.340218975	1.664222022
2.34092149	1.668098651
2.341464569	1.670681227
2.342127225	1.673527238
2.342789881	1.677090774
2.343372819	1.679624958
2.343995616	1.682172698
2.344618412	1.685567149
2.34520135	1.688539752
2.345824147	1.691582654
2.346446944	1.69467529
2.347149459	1.698810555
2.34788685	1.70351361
2.348355194	1.705821549
2.348821046	1.705095001
2.349443842	1.707766321
2.350106498	1.711848162
2.350769154	1.715609057
2.351352092	1.718376648
2.35193503	1.720814185
2.352557827	1.723621299
2.353220483	1.727420757
2.353960365	1.732289551
2.354660389	1.737398555
2.355245818	1.740686209
2.355828756	1.742484551
2.356491412	1.746131366
2.357114208	1.749847523
2.357737005	1.752860844
2.358319943	1.755943041
2.358865513	1.758455833
2.359448451	1.760470716
2.360031389	1.76338617
2.360733904	1.767097773
2.361433927	1.77164484
2.362211178	1.777436964
2.36271938	1.779588528
2.363225091	1.779993778
2.363885256	1.783430261
2.364587771	1.787631357
2.365170709	1.790809803
2.365793505	1.793109711
2.366339076	1.79531135
2.366922013	1.79770479
2.36754481	1.800308403
2.368284693	1.804694264
2.368947349	1.809324604
2.36945306	1.810866528
2.369996139	1.812095623
2.370658795	1.815378957
2.371281591	1.818991647
2.371981615	1.822771241
2.372604412	1.826240667
2.373189841	1.829250827
2.373812638	1.83189157
2.374395576	1.835008295
2.375058232	1.838449078
2.375718396	1.842191488
2.376420911	1.846539966
2.37696399	1.849811321
2.377469701	1.850564186
2.378092498	1.853532105
2.378795013	1.857846337
2.379300724	1.860390641
2.379883662	1.862505849
2.380546317	1.866188822
2.381246341	1.870418183
2.381946365	1.874273359
2.38264888	1.878680763
2.383348903	1.883366807
2.3839717	1.885987949
2.384631865	1.889483443
2.385254662	1.893163942
2.385840091	1.89571009
2.386423029	1.897837237
2.387045825	1.901259571
2.387668622	1.903961731
2.388254051	1.906848492
2.388876848	1.90982375
2.389499645	1.91273464
2.390082583	1.914761061
2.390745239	1.917853987
2.391211091	1.918975105
2.391756661	1.919872982
2.392456684	1.923615102
2.393079481	1.927116053
2.393702278	1.929582611
2.394325075	1.932296911
2.394947872	1.935612871
2.395647896	1.939404228
2.39635041	1.943635731
2.397050434	1.947892057
2.397596004	1.950344798
2.398218801	1.952787203
2.398918825	1.957065113
2.399541622	1.960128195
2.400007474	1.961094029
2.400553044	1.962314893
2.40117584	1.965496197
2.401838496	1.968810556
2.402461293	1.971903931
2.403121458	1.975830016
2.403861341	1.980302509
2.404561364	1.984711443
2.405184161	1.988199567
2.405612645	1.988132364
2.406198074	1.989938562
2.406898098	1.994097181
2.407560754	1.99834264
2.408183551	2.001307976
2.408806348	2.004299399
2.409429144	2.00741624
2.410051941	2.01055098
2.410674738	2.013678792
2.411257676	2.016029218
2.411803246	2.017264064
2.412463411	2.020492713
2.413165926	2.025440954
2.413788722	2.028351455
2.41437166	2.030275974
2.41491723	2.031970667
2.415500168	2.034029249
2.416122965	2.036553721
2.416745762	2.039485973
2.417408418	2.043283472
2.418108441	2.047438304
2.418808465	2.051944139
2.419393894	2.0549255
2.419899605	2.054831382
2.420522402	2.057347267
2.421065481	2.059638351
2.421611051	2.061142192
2.422233848	2.063269698
2.422896504	2.066472272
2.423556668	2.069674161
2.424219324	2.073237666
2.424919348	2.077292914
2.425542145	2.080617392
2.426127574	2.082544555
2.426827597	2.086396346
2.427527621	2.090458464
2.428150418	2.093563563
2.428735847	2.095878581
2.429318785	2.097758422
2.429901723	2.099889309
2.43052452	2.102322597
2.431187175	2.105392608
2.431809972	2.108262367
2.432432769	2.110799124
2.433055566	2.113595971
2.433561277	2.115197153
2.434106847	2.115955612
2.434806871	2.119809005
2.435506894	2.124492444
2.436129691	2.128048045
2.436752488	2.131094633
2.437337917	2.133682822
2.437960714	2.136338248
2.438620879	2.139982411
2.439323393	2.144034108
2.439906331	2.14661648
2.440451901	2.147808978
2.441112066	2.150712546
2.441734863	2.153760535
2.442320292	2.155224861
2.44290323	2.157123768
2.443486168	2.159459764
2.444108965	2.161747934
2.444694394	2.164180251
2.44531719	2.167049753
2.446017214	2.171013938
2.446757097	2.175494503
2.44745712	2.179630838
2.447925464	2.179610708
2.448508402	2.181122145
2.449208425	2.184757406
2.449793854	2.187602035
2.450416651	2.189243928
2.451039448	2.191711415
2.451699613	2.194196475
2.452285042	2.195748033
2.45286798	2.19635424
2.453607862	2.19918265
