1	0.015960872
1.000618557	0.015980291
1.001321702	0.016013811
1.002022205	0.016063252
1.002767645	0.016084768
1.003550093	0.016119659
1.004128998	0.01616089
1.004665609	0.01621745
1.005368755	0.0162288
1.006029606	0.016271461
1.006690457	0.016349378
1.007309014	0.016349814
1.00801216	0.016386871
1.008673011	0.016442522
1.009376156	0.016412255
1.010118953	0.016536762
1.010655564	0.016519835
1.01123447	0.01653573
1.012019561	0.016616152
1.012720063	0.016630874
1.013380915	0.016654617
1.014002115	0.016729319
1.014578377	0.016754958
1.015199577	0.016781359
1.015818134	0.016810966
1.016521279	0.016887255
1.017264076	0.016893125
1.018049167	0.01694825
1.018791964	0.017009214
1.01924663	0.017016805
1.019865186	0.017072537
1.020610626	0.01710449
1.021186889	0.017107653
1.021765794	0.017156342
1.02246894	0.017220174
1.023129791	0.017241064
1.023790642	0.017271735
1.024533439	0.01734617
1.025276236	0.017362007
1.025897436	0.017418201
1.026597938	0.017488858
1.027340735	0.017465575
1.028043881	0.017529837
1.028662437	0.017576368
1.029241343	0.017592806
1.029862543	0.017675475
1.0304811	0.017663153
1.031141951	0.017681038
1.031884748	0.017736434
1.032587893	0.017794492
1.033288395	0.017776991
1.033909596	0.017873164
1.034364261	0.017917207
1.035064763	0.017942507
1.035810204	0.017962017
1.03642876	0.018015591
1.037047317	0.018032939
1.037708168	0.01805433
1.038369019	0.018121963
1.039072165	0.018144148
1.039775311	0.018169653
1.040518107	0.01828521
1.041097013	0.018255654
1.041797515	0.018320945
1.042540312	0.018380423
1.043119218	0.018347506
1.043698123	0.018440664
1.04431668	0.01847152
1.04493788	0.018465892
1.045598731	0.018560698
1.046259582	0.018602374
1.046960085	0.01860817
1.047745176	0.018672102
1.048448321	0.01873798
1.049027227	0.018708294
1.049563838	0.018801307
1.050224689	0.018816485
1.050967486	0.018836477
1.051628337	0.01887842
1.052289188	0.018963904
1.052992334	0.018922998
1.053735131	0.019020121
1.054395982	0.01906558
1.055014539	0.01905999
1.055635739	0.019131638
1.056212001	0.019195824
1.056872852	0.019204473
1.057618292	0.019244925
1.058236849	0.019283103
1.058855406	0.019301109
1.059516257	0.019346849
1.060219403	0.019396776
1.060880254	0.01941224
1.061541105	0.0194986
1.062283902	0.019532513
1.063111287	0.01956463
1.063854084	0.019618897
1.06430875	0.019701743
1.064927306	0.019689488
1.065588158	0.019718649
1.066167063	0.019787001
1.066745969	0.01979096
1.067364526	0.019856745
1.068107322	0.01987396
1.068810468	0.019880246
1.069513614	0.019923935
1.07025641	0.020043281
1.070917261	0.020035223
1.071453873	0.020089558
1.072114724	0.020108767
1.07285752	0.020167053
1.073478721	0.020195799
1.074097277	0.020262087
1.074715834	0.020263503
1.075461274	0.020311759
1.076122125	0.020368728
1.076740682	0.020387284
1.077359239	0.020440109
1.078104679	0.020495394
1.078805181	0.02050528
1.079302141	0.020562778
1.080044938	0.020635318
1.080787735	0.020670132
1.081408935	0.020678574
1.082027491	0.020714488
1.082688343	0.020758127
1.083391488	0.02079228
1.08409199	0.020888464
1.084834787	0.020906226
1.085537933	0.02094049
1.08615649	0.021059498
1.086695744	0.021014661
1.087356595	0.021072393
1.087975152	0.021139738
1.088554058	0.021154449
1.08913032	0.021176038
1.089833466	0.021279819
1.090494317	0.021282319
1.091197462	0.021344623
1.091897965	0.021399994
1.092643405	0.021445876
1.093425852	0.021478619
1.094004758	0.021549135
1.094583664	0.021581423
1.095286809	0.021595287
1.095987312	0.021678805
1.096648163	0.021709314
1.097269363	0.021753016
1.097969865	0.021787853
1.098591065	0.021828129
1.099209622	0.021854401
1.099870473	0.021947987
1.100573619	0.021976018
1.10123447	0.021992716
1.101853027	0.022068141
1.102556172	0.022127805
1.103256675	0.022099762
1.103917526	0.022218316
1.104578377	0.022252693
1.105239228	0.022269521
1.105860428	0.022341822
1.106478985	0.022364875
1.107139836	0.022413441
1.107924927	0.022468091
1.10874967	0.022523601
1.109204335	0.022546947
1.109783241	0.022601065
1.110444092	0.022639243
1.111104943	0.022645649
1.1117235	0.022728964
1.112384351	0.022788462
1.113005551	0.022811806
1.113706053	0.022847414
1.114409199	0.02289019
1.11507005	0.0229605
1.115773196	0.022978527
1.116391753	0.02305162
1.117010309	0.023082153
1.117713455	0.023093128
1.118416601	0.023207243
1.119117103	0.02321466
1.119738303	0.023245351
1.12035686	0.0233437
1.120893471	0.023340622
1.121512027	0.023378468
1.122215173	0.023471638
1.12295797	0.023497887
1.123785356	0.023568807
1.124279672	0.023607776
1.124982818	0.023676204
1.125725615	0.023656038
1.126386466	0.023748729
1.127007666	0.023829922
1.127583928	0.023806249
1.128205128	0.023894708
1.12890563	0.023949034
1.129690722	0.023969282
1.130557758	0.024045203
1.131178958	0.02409079
1.131673275	0.02412291
1.132252181	0.024138851
1.132913032	0.024239406
1.133573883	0.024228312
1.134234734	0.02428572
1.134895586	0.024386487
1.135556437	0.024393465
1.136217288	0.024440181
1.136920434	0.024516769
1.137702881	0.024551732
1.138448321	0.024604022
1.139109173	0.024676264
1.139563838	0.024696985
1.140182395	0.024761153
1.140925192	0.024802682
1.141586043	0.024853352
1.142164948	0.024844162
1.14270156	0.024917611
1.143320116	0.024978365
1.144023262	0.02502647
1.144726408	0.025078255
1.145469204	0.025163739
1.146130056	0.025163677
1.146790907	0.02523289
1.147494052	0.025314046
1.148194555	0.025300288
1.148815755	0.025379736
1.149476606	0.025438201
1.150137457	0.025441853
1.150798308	0.025529665
1.151416865	0.025620281
1.152159662	0.025592841
1.152902458	0.025682667
1.15356331	0.025726736
1.154142215	0.025735977
1.154596881	0.025826893
1.155300026	0.025860992
1.156042823	0.025896
1.156703674	0.025984372
1.157322231	0.026001948
1.158025377	0.026047207
1.158728522	0.026096186
1.159429025	0.026185704
1.160214116	0.026225573
1.160832672	0.026261704
1.161371927	0.026358849
1.162114724	0.026375708
1.162899815	0.026415715
1.163600317	0.026476032
1.164179223	0.026522524
1.164758128	0.026569049
1.165337034	0.026634136
1.165913296	0.026680676
1.166574148	0.026695799
1.167277293	0.026804691
1.16802009	0.026825463
1.168805181	0.026862078
1.169384087	0.026983226
1.169920698	0.026973286
1.170623844	0.027023002
1.17136664	0.027092299
1.171945546	0.027165319
1.172564103	0.027161012
1.173224954	0.027243478
1.173928099	0.027341936
1.174752842	0.027327522
1.175455987	0.027426116
1.175950304	0.027490005
1.176486915	0.027480101
1.177232355	0.027557412
1.177975152	0.027638483
1.178593709	0.027641752
1.179214909	0.027716321
1.17987576	0.027784384
1.180494317	0.027806458
1.181155168	0.027882123
1.181816019	0.027972889
1.182558816	0.027960385
1.183343907	0.028088079
1.184047053	0.028134892
1.184501718	0.028153229
1.185120275	0.028258382
1.185823421	0.028271377
1.186484272	0.028313544
1.187060534	0.028372595
1.187681734	0.028444097
1.188300291	0.028470248
1.188918847	0.028511533
1.189664288	0.028612641
1.19036479	0.028671129
1.190943695	0.028685073
1.191604547	0.02882604
1.192347343	0.02876059
1.193050489	0.028910341
1.19371134	0.028918763
1.194329897	0.028926152
1.194990748	0.029063763
1.195651599	0.029072231
1.19631245	0.029179605
1.197015596	0.029196756
1.197718742	0.029244377
1.198419244	0.029311025
1.199080095	0.029315749
1.199577055	0.029457601
1.200237906	0.029447111
1.200938409	0.029525403
1.20159926	0.029625716
1.20222046	0.029595154
1.202881311	0.02971853
1.203542162	0.029765476
1.204284959	0.029757038
1.204988105	0.029877876
1.205730901	0.029965312
1.206309807	0.029956682
1.207052604	0.030036544
1.207837695	0.030106014
1.208456252	0.030132961
1.208992863	0.03023477
1.209529474	0.030248189
1.210150674	0.030306057
1.210811525	0.030364962
1.211430082	0.030434409
1.212172879	0.030476199
1.21295797	0.030565369
1.213743061	0.03062761
1.214361618	0.030635496
1.214858578	0.030709846
1.215519429	0.030784534
1.216222575	0.030802342
1.216883426	0.030888735
1.217583928	0.030968469
1.218326725	0.03099511
1.218947925	0.031088441
1.219566482	0.031139122
1.220227333	0.031179278
1.220888184	0.031227224
1.22146709	0.031304181
1.222085646	0.031308375
1.222788792	0.031411937
1.223449643	0.031487274
1.2240682	0.031479838
1.224771345	0.031606977
1.225432197	0.031627929
1.226050753	0.031643893
1.226753899	0.03182199
1.227496696	0.03187639
1.228324081	0.03189397
1.229066878	0.032007062
1.229521544	0.032011082
1.230100449	0.032065273
1.230800952	0.032153986
1.231422152	0.032201543
1.231998414	0.03225579
1.232619614	0.032291654
1.233280465	0.032371717
1.233941316	0.03240476
1.234684113	0.032487089
1.23542691	0.032600924
1.236169707	0.03263625
1.236666667	0.032696563
1.237327518	0.032765188
1.237988369	0.032774814
1.23864922	0.032863211
1.239267777	0.032974206
1.239928628	0.032968132
1.240589479	0.03303699
1.24125033	0.033141429
1.241829236	0.033141089
1.242490087	0.033210092
1.243193233	0.033323769
1.243978324	0.033313166
1.244472641	0.033413469
1.245133492	0.033482688
1.245876289	0.033534358
1.24653714	0.033635392
1.24715834	0.033683882
1.247901137	0.033747597
1.248604282	0.033802349
1.249347079	0.033897945
1.25013217	0.033970929
1.250956913	0.034053013
1.251578113	0.034165446
1.252114724	0.034172131
1.25273328	0.034204947
1.253312186	0.03428851
1.253891092	0.034368147
1.254509648	0.034381112
1.255212794	0.034504166
1.255873645	0.034534314
1.256574148	0.034593536
1.257277293	0.034680864
1.257977795	0.034740192
1.258723236	0.034776789
1.259217552	0.034902571
1.259754163	0.034897414
1.260457309	0.034960984
1.26111816	0.035055513
1.261779011	0.035061845
1.262439863	0.035144443
1.263058419	0.035237979
1.263761565	0.035265634
1.264422416	0.035328306
1.265083267	0.035439301
1.265786413	0.035507302
1.26640497	0.035528681
1.267023526	0.035642736
1.267726672	0.035682674
1.268429818	0.035746836
1.269090669	0.035850213
1.269791171	0.035922496
1.270452022	0.035981593
1.271112873	0.036093281
1.271773725	0.036112046
1.27247687	0.036176524
1.273219667	0.036286719
1.273922813	0.036359424
1.274377478	0.036368348
1.274914089	0.036476912
1.275574941	0.036540441
1.276235792	0.036579664
1.276896643	0.036712304
1.2775152	0.036730088
1.278133756	0.036792583
1.278794607	0.036884806
1.279497753	0.036937639
1.280200899	0.036994578
1.280943695	0.03709344
1.281562252	0.037168409
1.282223103	0.037240584
1.282968543	0.037319353
1.283629395	0.037395725
1.284329897	0.037420217
1.284990748	0.037582495
1.285611948	0.037612929
1.286148559	0.037649079
1.286767116	0.03775721
1.287427967	0.03780526
1.288170764	0.037909003
1.288955855	0.037985394
1.289492466	0.038070919
1.290113666	0.038109773
1.290856463	0.038176871
1.291559609	0.038304455
1.29222046	0.038369258
1.292881311	0.038442329
1.293542162	0.038507228
1.294242665	0.038515734
1.294985461	0.038731393
1.295730901	0.038733085
1.296349458	0.038809291
1.296846418	0.038914899
1.297464975	0.038921082
1.298168121	0.039004099
1.298828972	0.039110693
1.299489823	0.039151255
1.300150674	0.039237319
1.300726936	0.039349848
1.301387787	0.03936984
1.302090933	0.039449082
1.30283373	0.039550306
1.303661116	0.039625172
1.304321967	0.039686738
1.304776632	0.039783558
1.305395189	0.039781662
1.306137986	0.039858296
1.306841131	0.039958714
1.307420037	0.039993046
1.307996299	0.040081386
1.30865715	0.04018487
1.309360296	0.040252264
1.310103093	0.040325094
1.31084589	0.040477184
1.31146709	0.040496366
1.312127941	0.040562672
1.312788792	0.040679121
1.313407349	0.040698288
1.314028549	0.040826184
1.314647105	0.040916474
1.315265662	0.040956639
1.315926513	0.041073467
1.316587365	0.041169458
1.31729051	0.041233336
1.318033307	0.04132365
1.318694158	0.04141566
1.319315358	0.041439365
1.319809675	0.041509454
1.320512821	0.041628154
1.321213323	0.041679648
1.321916468	0.041773294
1.322535025	0.041910603
1.323195876	0.041923129
1.323899022	0.042025399
1.324641819	0.042175353
1.325469204	0.042264923
1.326130056	0.042416729
1.326706318	0.042490008
1.327367169	0.042515394
1.328112609	0.042623741
1.32877346	0.042763267
1.329349722	0.042794495
1.329888977	0.042871063
1.330465239	0.042936181
1.331086439	0.042998558
1.331786942	0.043076244
1.332532382	0.043269858
1.333357124	0.043377203
1.334142215	0.043474869
1.334636532	0.043537664
1.335133492	0.043570859
1.335794343	0.043647649
1.336497489	0.04380663
1.33715834	0.043866562
1.337776897	0.043903871
1.338437748	0.044121351
1.339098599	0.044185721
1.339841396	0.044257099
1.340544541	0.044386902
1.341038858	0.044411798
1.341617764	0.044460835
1.342320909	0.044629273
1.343021412	0.044737982
1.343682263	0.044747177
1.344343114	0.044901714
1.344964314	0.044956679
1.345625165	0.045042957
1.346286016	0.045184954
1.347028813	0.045312693
1.347731959	0.045362061
1.348514407	0.04556851
1.349217552	0.045643758
1.349714512	0.045716369
1.350333069	0.045810321
1.35111816	0.045935779
1.351736717	0.046021288
1.352315623	0.046088303
1.352934179	0.046204038
1.353637325	0.046284012
1.354340471	0.046351124
1.355083267	0.046600628
1.355783769	0.046624718
1.356323024	0.046716588
1.356983875	0.046864494
1.357766323	0.046951966
1.358427174	0.047130336
1.359088025	0.047239704
1.35962728	0.047232506
1.360203542	0.047364989
1.360824742	0.047486154
1.361443299	0.047572682
1.36222839	0.047682423
1.362889241	0.047844247
1.363550093	0.047945498
1.364253238	0.04803096
1.364747555	0.048169884
1.365450701	0.048242467
1.366193497	0.048364292
1.366812054	0.048529627
1.367433254	0.048625608
1.368094105	0.048731771
1.368712662	0.04888003
1.369415808	0.049005303
1.370158604	0.049114672
1.37086175	0.049305536
1.371438012	0.049422211
1.372141158	0.049491186
1.372883955	0.049718808
1.373505155	0.049824295
1.374081417	0.049836459
1.374660322	0.049958001
1.375321174	0.050113227
1.37593973	0.050205776
1.376642876	0.05041968
1.377385673	0.05056515
1.378170764	0.050686009
1.378913561	0.050941351
1.379492466	0.051050475
1.380029077	0.051092277
1.380732223	0.051285161
1.381435369	0.05141232
1.38209622	0.051546794
1.382757071	0.051738538
1.383499868	0.051880723
1.38420037	0.051990627
1.384779276	0.052157693
1.385400476	0.052238365
1.386061327	0.052351439
1.386637589	0.052496674
1.387340735	0.052668886
1.388043881	0.052814761
1.388704732	0.053025387
1.389323288	0.05315946
1.38998414	0.053273152
1.390687285	0.053463734
1.391348136	0.053630727
1.392090933	0.053809876
1.39283373	0.054064484
1.393618821	0.054245641
1.394321967	0.05437056
1.394773989	0.054499074
1.395395189	0.054589909
1.39605604	0.054726752
1.396674597	0.054933103
1.397253503	0.055022523
1.397914354	0.055190803
1.398575205	0.055417036
1.399236056	0.055563363
1.399896907	0.055709804
1.400600053	0.055938217
1.40134285	0.056159509
1.401879461	0.056292466
1.402582606	0.056512496
1.403283109	0.056683522
1.40394396	0.056835227
1.40456516	0.057016707
1.405226011	0.057115034
1.405886862	0.057347553
1.406547713	0.05752659
1.40716627	0.057601112
1.407827121	0.057852015
1.408530267	0.058001849
1.409230769	0.058174102
1.40976738	0.058353166
1.410428232	0.058528534
1.411131377	0.058755164
1.411749934	0.058902135
1.41232884	0.058993658
1.412989691	0.059183026
1.413650542	0.0594175
1.414353688	0.059613472
1.415014539	0.059812321
1.41579963	0.060088635
1.416542427	0.060282331
1.417121332	0.060374565
1.417782183	0.060551506
1.418358446	0.06068888
1.418937351	0.060763286
1.419598202	0.060963135
1.420301348	0.061169482
1.420962199	0.061306394
1.421704996	0.06156902
1.422365847	0.061769523
1.423108644	0.061964703
1.42393603	0.062313178
1.424512292	0.062483358
1.425091197	0.062572197
1.425794343	0.06282071
1.426455194	0.062990451
1.427116045	0.063178476
1.427776897	0.063439295
1.428437748	0.063604935
1.429016653	0.063776133
1.429592916	0.063965516
1.430253767	0.064099697
1.431038858	0.064430686
1.431660058	0.064686296
1.432278615	0.064773456
1.432981761	0.064969307
1.433600317	0.065106767
1.434218874	0.065203273
1.434879725	0.065434091
1.435582871	0.06569442
1.436243722	0.065861683
1.436904573	0.066161588
1.437607719	0.066436265
1.438350515	0.066685574
1.439135607	0.067037757
1.439629923	0.067101986
1.440166534	0.067186536
1.440827386	0.067542686
1.441488237	0.067834956
1.442149088	0.068031157
1.442809939	0.068259627
1.443431139	0.068463445
1.44409199	0.068696853
1.444792493	0.069065581
1.445495638	0.06931984
1.446198784	0.069555918
1.446817341	0.069792713
1.447478192	0.069981097
1.448181338	0.070291413
1.44888184	0.070611084
1.449542691	0.070882993
1.450203542	0.071062886
1.450782448	0.07130348
1.451361353	0.071438088
1.452022205	0.071701494
1.452722707	0.072045611
1.453468147	0.072373776
1.454210944	0.072813096
1.45470526	0.073004386
1.45532646	0.073155891
1.456069257	0.07352662
1.456730108	0.073888901
1.457309014	0.074024855
1.457969865	0.074327339
1.458630716	0.074671814
1.459331219	0.07491187
1.460034364	0.075351909
1.460859107	0.075728962
1.461519958	0.07603279
1.462016918	0.076184176
1.462635474	0.076369901
1.463256675	0.076658267
1.463917526	0.076995489
1.464618028	0.077307132
1.465278879	0.077649555
1.465900079	0.077915559
1.46656093	0.078235176
1.467261433	0.078561838
1.468006873	0.078947213
1.46874967	0.079356149
1.469492466	0.079732747
1.469989426	0.079871904
1.470650278	0.080160358
1.471432725	0.080563312
1.472093577	0.08091783
1.472714777	0.081158044
1.473293682	0.081363299
1.473912239	0.081674002
1.47457309	0.081991978
1.475315887	0.082389845
1.476058684	0.082938279
1.476679884	0.08319859
1.47729844	0.083435452
1.478001586	0.083888781
1.478662437	0.084194319
1.479280994	0.084497682
1.479902194	0.084792007
1.480520751	0.085124064
1.481181602	0.085411706
1.481842453	0.085826805
1.482627544	0.086164599
1.483412635	0.086677247
1.484073487	0.087117018
1.484567803	0.087264061
1.485022469	0.087347457
1.485725615	0.087738446
1.486468411	0.088207751
1.487129262	0.088658407
1.487747819	0.088974422
1.48840867	0.089359474
1.489111816	0.089870504
1.489854613	0.090308576
1.490639704	0.090820721
1.491300555	0.09131152
1.491879461	0.091569948
1.492579963	0.091902483
1.493325403	0.092380533
1.49394396	0.092651591
1.494522865	0.092896613
1.495101771	0.093208361
1.495638382	0.093394016
1.496214644	0.093691695
1.496875496	0.094137694
1.497620936	0.094632256
1.498406027	0.095244142
1.499188475	0.095827844
1.49976738	0.09615578
1.500303992	0.096366715
1.501049432	0.096911037
1.501792228	0.097465232
1.50245308	0.097876022
1.503071636	0.098255691
1.503732487	0.098657541
1.504435633	0.099024217
1.505136135	0.099496321
1.505796987	0.099923092
1.506336241	0.100136117
1.506872852	0.10036826
1.507615649	0.100873199
1.5082765	0.101435434
1.508937351	0.101868561
1.509555908	0.102231955
1.510216759	0.102718551
1.510837959	0.103140366
1.51149881	0.10359405
1.512241607	0.104226856
1.512984404	0.104840988
1.51381179	0.105586731
1.514512292	0.106141301
1.514927306	0.106112575
1.515545863	0.106329406
1.51628866	0.106902289
1.51690986	0.107331998
1.517446471	0.10755334
1.518107322	0.107991225
1.518768173	0.108492238
1.519429025	0.109022638
1.520171821	0.109699558
1.520914618	0.110294864
1.521451229	0.110570858
1.52211208	0.111049685
1.52285752	0.111719109
1.523518372	0.112203634
1.524136928	0.112704797
1.524755485	0.113085109
1.525416336	0.113502794
1.526119482	0.114088966
1.526822628	0.114593086
1.527565424	0.115163762
1.528183981	0.11572553
1.528844832	0.116179109
1.529505683	0.116637902
1.529960349	0.116857459
1.530663495	0.117363856
1.531406291	0.118053912
1.532067142	0.118704126
1.532685699	0.119117607
1.53334655	0.119622452
1.534007402	0.120225253
1.534668253	0.120813889
1.535371398	0.121445392
1.536074544	0.12216535
1.536693101	0.122551735
1.537435897	0.123187897
1.538178694	0.123912664
1.5387576	0.124355664
1.539336505	0.124642315
1.539955062	0.12509397
1.540576262	0.125590256
1.541276764	0.126215925
1.54197991	0.126935496
1.542722707	0.127624611
1.543507798	0.128489644
1.544250595	0.129317571
1.544787206	0.129657262
1.545284166	0.12982674
1.545945017	0.130398467
1.546605868	0.131088676
1.54726672	0.131671177
1.547927571	0.132303353
1.548712662	0.133040262
1.549373513	0.133648872
1.549952419	0.134117772
1.55061327	0.134584237
1.551274121	0.135243444
1.551850383	0.135723031
1.552553529	0.136312814
1.553296326	0.137202948
1.553957177	0.137977871
1.554578377	0.138492792
1.555239228	0.139115487
1.555900079	0.139728765
1.556518636	0.140234753
1.557137193	0.14087975
1.557840338	0.141622074
1.558583135	0.142477674
1.559368226	0.143273447
1.559904837	0.143615428
1.560526038	0.144119255
1.561186889	0.144716476
1.561805445	0.145310216
1.562424002	0.145899412
1.563084853	0.146597378
1.563787999	0.14738938
1.564491145	0.148132283
1.565151996	0.148831953
1.565894792	0.14963958
1.566555644	0.150400182
1.567092255	0.150665991
1.5677954	0.15128701
1.568538197	0.152216639
1.569199048	0.152884584
1.569817605	0.153439073
1.570438805	0.154044152
1.571139307	0.154672457
1.571800159	0.155397313
1.572421359	0.155913769
1.573039915	0.156570388
1.573743061	0.157336021
1.574443563	0.158262229
1.574980174	0.15848646
1.57568332	0.159389012
1.576426117	0.160456759
1.577086968	0.161130872
1.577665874	0.161636543
1.57828443	0.162292168
1.578945282	0.162952622
1.579648427	0.163859078
1.580391224	0.164735229
1.581176315	0.165928315
1.581879461	0.166796925
1.582455723	0.167169693
1.583034629	0.167588276
1.583655829	0.168223127
1.584232091	0.168793178
1.584853291	0.169398642
1.585553793	0.17033069
1.586214644	0.171097797
1.58691779	0.171970996
1.587578641	0.172870589
1.588281787	0.17366943
1.589024584	0.174675393
1.58964314	0.17561794
1.590179752	0.175849158
1.590925192	0.176902975
1.591625694	0.177897001
1.592286545	0.178634198
1.592947396	0.179377012
1.593568596	0.18002468
1.594144859	0.180561246
1.594766059	0.181153971
1.595466561	0.182162035
1.596212001	0.183272517
1.596872852	0.184272627
1.597491409	0.184852022
1.598194555	0.185721158
1.598895057	0.186702541
1.599516257	0.18744651
1.600177108	0.188216019
1.600837959	0.189123552
1.601456516	0.189945266
1.602117367	0.190680888
1.602820513	0.191631084
1.603602961	0.192673158
1.604348401	0.193726996
1.604760772	0.19385334
1.605297383	0.194168306
1.606000529	0.195085833
1.60666138	0.196096006
1.607322231	0.196943379
1.607940788	0.197673685
1.608601639	0.198547829
1.609304785	0.199586516
1.610047581	0.200671937
1.610832672	0.202024824
1.611575469	0.203281347
1.612154375	0.203887556
1.612772932	0.204699198
1.613515728	0.205758128
1.614218874	0.206746132
1.614879725	0.207616499
1.615458631	0.208240617
1.616037536	0.208782903
1.616656093	0.209515738
1.61727465	0.210274789
1.617977795	0.211230623
1.618720592	0.212367428
1.619463389	0.213592737
1.619960349	0.214008592
1.6206212	0.214786494
1.621406291	0.216035225
1.622067142	0.217072407
1.622685699	0.217929229
1.623306899	0.21863729
1.62396775	0.219588747
1.624628602	0.220633901
1.625371398	0.221701348
1.626071901	0.222929358
1.626732752	0.223754547
1.627187417	0.223366895
1.627848269	0.224016695
1.62850912	0.22492589
1.629169971	0.22573213
1.629873117	0.226658859
1.630491673	0.227522645
1.631152524	0.228377382
1.631773725	0.229211599
1.632434576	0.230145416
1.633177372	0.231325224
1.634002115	0.232860624
1.63470526	0.234333235
1.63520222	0.234534476
1.635820777	0.235221432
1.636481628	0.236289636
1.63714248	0.237259707
1.637761036	0.237989962
1.638382236	0.238799239
1.639043087	0.239781652
1.639703939	0.240806495
1.640404441	0.241937047
1.641149881	0.243278675
1.641810732	0.244457406
1.642471583	0.245475088
1.643254031	0.246741682
1.643914882	0.247991027
1.644493788	0.248700684
1.645114988	0.249532287
1.645775839	0.250710671
1.64643669	0.251680488
1.647137193	0.252756607
1.647798044	0.253455393
1.648540841	0.25428787
1.649201692	0.255160764
1.649780597	0.255780222
1.650277557	0.255673589
1.650938409	0.256547743
1.651638911	0.257859388
1.652342057	0.25901483
1.652960613	0.260005409
1.653621464	0.261040142
1.65432461	0.262182277
1.654985461	0.2633554
1.655770552	0.264949405
1.656471055	0.26635209
1.657010309	0.267086941
1.657710812	0.268270001
1.658453608	0.269703443
1.659074808	0.270875494
1.659693365	0.271736513
1.660272271	0.272491273
1.660851176	0.273320435
1.661512027	0.27438555
1.662172879	0.275594143
1.662873381	0.276990006
1.663658472	0.278580982
1.664401269	0.280166217
1.664980174	0.281243199
1.665516786	0.281720485
1.666219931	0.283095221
1.667005022	0.284962111
1.667623579	0.286234551
1.66828443	0.287403735
1.668945282	0.288536603
1.669606133	0.289824253
1.670348929	0.291222729
1.670927835	0.292444851
1.671464446	0.292942739
1.672001057	0.293525961
1.672746497	0.295039892
1.673489294	0.296810035
1.67419244	0.298281738
1.674853291	0.29970972
1.675471848	0.300843414
1.676090404	0.301977863
1.676751256	0.303195365
1.677412107	0.304520418
1.678157547	0.306224734
1.678900344	0.308132844
1.67964314	0.309791475
1.680055511	0.310252208
1.680634417	0.310947016
1.681377214	0.312554853
1.681998414	0.313745459
1.682574676	0.314773277
1.683235527	0.316133414
1.683938673	0.31769528
1.684641819	0.319231553
1.685384615	0.320883737
1.686087761	0.322813851
1.686664023	0.323916473
1.687367169	0.325274952
1.688191911	0.327490113
1.688852762	0.329224151
1.689473962	0.330435902
1.690092519	0.331524318
1.690713719	0.332732249
1.691414222	0.334446111
1.692117367	0.336005752
1.692778218	0.337536606
1.693396775	0.338672354
1.694057626	0.340172885
1.694718477	0.341760713
1.695215437	0.342308379
1.69591594	0.343857444
1.696701031	0.345986043
1.697322231	0.347526898
1.697940788	0.348647074
1.698559344	0.349870605
1.69926249	0.35146366
1.699965636	0.353241719
1.700708432	0.355310643
1.701408935	0.357107235
1.701948189	0.358021446
1.702648692	0.359565764
1.703391488	0.361456048
1.703970394	0.362716834
1.704549299	0.363490538
1.705128205	0.364644256
1.705789056	0.366038654
1.706449907	0.367531703
1.707110759	0.369080086
1.707811261	0.370877127
1.708596352	0.372911308
1.709339149	0.375052078
1.709960349	0.376558711
1.71049696	0.37715012
1.711157811	0.378754191
1.711860957	0.380466775
1.712479514	0.381905807
1.713140365	0.383387931
1.71384351	0.38510404
1.714544013	0.386842642
1.715165213	0.388259124
1.715826064	0.389821949
1.716526566	0.391651462
1.717147766	0.393049156
1.717848269	0.394575227
1.718551414	0.396523837
1.719169971	0.397896658
1.719830822	0.39937863
1.720533968	0.401177879
1.721152524	0.402876559
1.721773725	0.404352487
1.722474227	0.405995956
1.723177372	0.408035803
1.723877875	0.410027211
1.724538726	0.411807716
1.72507798	0.412967836
1.725696537	0.414213487
1.726315094	0.415701477
1.726975945	0.417502702
1.727597145	0.419103273
1.728257996	0.420791483
1.728958499	0.422919414
1.72961935	0.424588159
1.730322495	0.426560112
1.731065292	0.428923184
1.731768438	0.431085501
1.732347343	0.432210213
1.733047846	0.43430841
1.733790642	0.436810274
1.734369548	0.438119883
1.734990748	0.439490639
1.735609305	0.440960941
1.736227861	0.442537086
1.736888713	0.444102962
1.737467618	0.445549428
1.738170764	0.447448805
1.738913561	0.449829861
1.739656357	0.45219619
1.740153317	0.452834481
1.74085382	0.454594551
1.74159926	0.45696028
1.742217817	0.458773618
1.742836373	0.460316553
1.743497224	0.462237607
1.744158076	0.46429865
1.744861221	0.466644318
1.745564367	0.468753031
1.746346815	0.471334511
1.74704996	0.473435475
1.747586572	0.474236675
1.748123183	0.475460776
1.748744383	0.477131246
1.749320645	0.478823862
1.749941845	0.480502005
1.750602696	0.482553999
1.751263547	0.484679806
1.75196405	0.487018667
1.752667195	0.489348834
1.753370341	0.491703018
1.754155432	0.494723527
1.754816283	0.49754389
1.75543484	0.498880417
1.756219931	0.502046796
1.756962728	0.5050472
1.757623579	0.507070489
1.75828443	0.50911193
1.758945282	0.511188325
1.759563838	0.51317546
1.760224689	0.515097878
1.760927835	0.517610804
1.761670632	0.52046221
1.762249537	0.522359307
1.762828443	0.523876333
1.763489294	0.526018719
1.7640682	0.527879975
1.764686757	0.529597111
1.765305313	0.531770041
1.765966164	0.534114397
1.766627016	0.536353617
1.767248216	0.538475498
1.767909067	0.54052091
1.768651864	0.543487131
1.769476606	0.546435943
1.769931271	0.547651401
1.770510177	0.549018536
1.771171028	0.551149769
1.771831879	0.553310613
1.772450436	0.555572391
1.773111287	0.557956055
1.773814433	0.560399828
1.774517579	0.563155736
1.775260375	0.566044847
1.776003172	0.569043488
1.776830558	0.572687576
1.777449114	0.57496139
1.778067671	0.577072671
1.778770817	0.579874653
1.779431668	0.582212122
1.780050225	0.584310848
1.78062913	0.586075069
1.781165741	0.587412864
1.781744647	0.589156296
1.782405498	0.591455047
1.783148295	0.59448011
1.783893735	0.597746636
1.784636532	0.601026145
1.785130849	0.602293934
1.785752049	0.604059529
1.786494845	0.607088906
1.787197991	0.61004454
1.787816548	0.6123138
1.788435104	0.614561735
1.78913825	0.617528686
1.789841396	0.620008279
1.790541898	0.623103672
1.791326989	0.626322014
1.791945546	0.62872653
1.792442506	0.629835716
1.793103357	0.631812811
1.793764208	0.634732407
1.794467354	0.637497815
1.795167856	0.640195746
1.795828707	0.642761466
1.796449907	0.645103281
1.797110759	0.647540857
1.79777161	0.650082959
1.798472112	0.653310302
1.799299498	0.657038295
1.799960349	0.660416386
1.800454666	0.661290552
1.801075866	0.663294264
1.801818662	0.666553121
1.802479514	0.669245176
1.803058419	0.671008268
1.803634681	0.673012269
1.804337827	0.6754149
1.804998678	0.678325663
1.805741475	0.681343943
1.806402326	0.684367901
1.807023526	0.686453619
1.807642083	0.688602835
1.808302934	0.691229564
1.80900608	0.694236677
1.809666931	0.696924614
1.810327782	0.699631601
1.810988633	0.7024498
1.81160719	0.704683059
1.812268041	0.707435573
1.812971187	0.710333315
1.813713984	0.713738945
1.814374835	0.716445433
1.81495374	0.718722986
1.815448057	0.719605757
1.816190854	0.722395267
1.816893999	0.72566789
1.817512556	0.728053488
1.818173407	0.73053848
1.818834259	0.7335283
1.819537404	0.736843893
1.820280201	0.740004293
1.821022998	0.743682428
1.821683849	0.746721422
1.822223103	0.748321636
1.822923606	0.751351318
1.823666402	0.754794963
1.824287602	0.757442247
1.824824214	0.759237689
1.825403119	0.760929785
1.826021676	0.763440717
1.826682527	0.766296214
1.827385673	0.769363152
1.828128469	0.772780353
1.828913561	0.776718212
1.829656357	0.780856405
1.830192969	0.783110841
1.83072958	0.784388388
1.831432725	0.787659957
1.832217817	0.791779083
1.832878668	0.794926566
1.833539519	0.797813725
1.834158076	0.800853447
1.834818927	0.803505127
1.835561723	0.807058413
1.836222575	0.810601495
1.83680148	0.812527635
1.837380386	0.814466514
1.838123183	0.818174418
1.838865979	0.82212481
1.839526831	0.825041003
1.840105736	0.827500886
1.840766587	0.830344477
1.841427439	0.833312871
1.842048639	0.836177312
1.84270949	0.839348689
1.843409992	0.842663355
1.844152789	0.846398491
1.84481364	0.849834601
1.8453106	0.851331074
1.845889506	0.853206558
1.846590008	0.856625058
1.847211208	0.859362812
1.847829765	0.862012836
1.848490616	0.865078078
1.849193762	0.868388609
1.849854613	0.871634417
1.850555115	0.874883414
1.851300555	0.878815314
1.851876817	0.881391518
1.852579963	0.884571709
1.853365054	0.888818847
1.854025905	0.892596705
1.854644462	0.895348043
1.855265662	0.897830901
1.855884219	0.900644444
1.856502776	0.903542316
1.857205921	0.907073815
1.857866772	0.910327039
1.858527624	0.913316385
1.859230769	0.916967023
1.859931271	0.920920506
1.860467883	0.922777728
1.861128734	0.925893146
1.861874174	0.92986984
1.862535025	0.933279862
1.863153582	0.936279757
1.863856727	0.939810101
1.864517579	0.943386667
1.865260375	0.947238472
1.865921227	0.950885132
1.866582078	0.954071138
1.867118689	0.955847632
1.86777954	0.959084523
1.868522337	0.962888573
1.869143537	0.966115328
1.869719799	0.968303974
1.870340999	0.970909661
1.87100185	0.974102742
1.871662702	0.97742283
1.872323553	0.981030819
1.873066349	0.984934365
1.873851441	0.989530427
1.874594237	0.994113527
1.875173143	0.997050306
1.875709754	0.998618087
1.876370605	1.001917632
1.877073751	1.005958216
1.877692308	1.009323097
1.878353159	1.012557473
1.87901401	1.016032892
1.879674861	1.019594191
1.880293418	1.022417189
1.880996564	1.025790396
1.88173936	1.030240728
1.88236056	1.033376329
1.883061063	1.036838878
1.883764208	1.040904231
1.884382765	1.043750892
1.884961671	1.046337409
1.885580227	1.049385106
1.886283373	1.053237593
1.88690193	1.056583234
1.887605075	1.060242463
1.888308221	1.064462589
1.889051018	1.068707996
1.88975152	1.073016534
1.89024848	1.075366551
1.890867037	1.077660689
1.891527888	1.080840425
1.892149088	1.083993386
1.892767645	1.086905899
1.893386201	1.090157267
1.894089347	1.094121933
1.894832144	1.098274915
1.895535289	1.10260668
1.896320381	1.107513843
1.897020883	1.112067423
1.897599789	1.11453698
1.898342585	1.118752354
1.899088025	1.123570136
1.899706582	1.126727149
1.900285488	1.129318527
1.900904044	1.132297588
1.90160719	1.136024289
1.902225747	1.139303505
1.902846947	1.142410715
1.903507798	1.145858346
1.904250595	1.150441524
1.904951097	1.154935648
1.905405763	1.156144445
1.906108908	1.159601892
1.906769759	1.163915015
1.907430611	1.16730278
1.908049167	1.170563512
1.908710019	1.174446971
1.909413164	1.178468238
1.910074015	1.182411297
1.910734867	1.186150207
1.911519958	1.190965687
1.912180809	1.195135429
1.912799366	1.197955184
1.913420566	1.200997226
1.914081417	1.204534629
1.914699974	1.207889191
1.91531853	1.210868034
1.916021676	1.214688153
1.916682527	1.218739862
1.917385673	1.222668612
1.918046524	1.226365485
1.918707375	1.230198851
1.919450172	1.234758695
1.920068729	1.238441628
1.92060534	1.240387958
1.92135078	1.244975353
1.922051282	1.249469485
1.922712133	1.253323148
1.923333333	1.256639472
1.92395189	1.259686738
1.924530796	1.262434281
1.925149352	1.265662346
1.925934444	1.270233008
1.92667724	1.275318168
1.927338091	1.279267582
1.927916997	1.282128734
1.928620143	1.286178129
1.929320645	1.29040016
1.929981496	1.294199383
1.930642347	1.298412258
1.931345493	1.302637816
1.93196405	1.306268232
1.932624901	1.309960103
1.933285752	1.314275144
1.934028549	1.318845512
1.934731694	1.323194997
1.935144066	1.32462781
1.935765266	1.32706601
1.936465768	1.332090945
1.937168914	1.336375586
1.93778747	1.339908123
1.93840867	1.343284202
1.939069522	1.346917864
1.939730373	1.350855949
1.940430875	1.355286895
1.941134021	1.359944767
1.941876817	1.364744678
1.942498017	1.368720859
1.94319852	1.372786224
1.943901665	1.377647304
1.944520222	1.381270308
1.945099128	1.384291847
1.945717684	1.387621652
1.94629659	1.390695949
1.946957441	1.394610624
1.947700238	1.399249222
1.948445678	1.404438125
1.949228126	1.410128455
1.950013217	1.416339521
1.950510177	1.418381433
1.951128734	1.421474468
1.951831879	1.426244741
1.952450436	1.430223427
1.953029342	1.433460988
1.953690193	1.437170532
1.95430875	1.441180464
1.955011895	1.445951496
1.955754692	1.450773658
1.956497489	1.456140365
1.957076394	1.459857324
1.957573354	1.461883944
1.958273857	1.465875778
1.958977002	1.470899981
1.959637854	1.475241218
1.960298705	1.479260884
1.960917261	1.483119979
1.961578113	1.487262797
1.962281258	1.491639902
1.962942109	1.496168557
1.963602961	1.500793589
1.964345757	1.505933968
1.965088554	1.511459004
1.965585514	1.51367271
1.966204071	1.517050308
1.966864922	1.521588293
1.967486122	1.525754105
1.968062384	1.528673141
1.968683584	1.532135693
1.969384087	1.5371212
1.970087232	1.541992899
1.970872324	1.547489815
1.971657415	1.553479684
1.972318266	1.558334428
1.973018768	1.562966242
1.973721914	1.567979649
1.974425059	1.572770192
1.975043616	1.576547784
1.975662173	1.580358847
1.976323024	1.584953791
1.976944224	1.588721143
1.977562781	1.592809151
1.978265927	1.597326281
1.978884483	1.601230257
1.979545334	1.605315445
1.980166534	1.609855654
1.980703146	1.611740641
1.981403648	1.616204699
1.982106794	1.621436368
1.982767645	1.625589951
1.983386201	1.629301213
1.984047053	1.633124998
1.984707904	1.637752536
1.985411049	1.642556685
1.986196141	1.648044474
1.986896643	1.653333005
1.987475549	1.65646927
1.988178694	1.661202927
1.988921491	1.666965748
1.989540048	1.670824788
1.989994713	1.672573544
1.990615913	1.67557715
1.991276764	1.679907548
1.991937616	1.684126428
1.992680412	1.68870867
1.993423209	1.694016535
1.994166006	1.699600577
1.994911446	1.704968528
1.995487708	1.708697409
1.996026963	1.711082468
1.996727465	1.71560078
1.997430611	1.721235719
1.998049167	1.725123644
1.998670367	1.728977797
1.99937087	1.733360535
2.000031721	1.737889557
2.000692572	1.742516629
2.001313772	1.74659625
2.001932329	1.750204649
2.002550886	1.753636631
2.003378271	1.759668153
2.004078773	1.765375587
2.004699974	1.769046609
2.005278879	1.772529131
2.005897436	1.77614416
2.006515993	1.780060984
2.007219138	1.784750832
2.007922284	1.789807494
2.008665081	1.795650057
2.009407877	1.801343089
2.010068729	1.805764439
2.010523394	1.807777698
2.0111023	1.810543041
2.011763151	1.81529642
2.012381708	1.819284731
2.013000264	1.823332764
2.01370341	1.828068064
2.014406556	1.832998405
2.015067407	1.8379188
2.015810204	1.843455423
2.016553	1.849168773
2.017089611	1.852630769
2.017750463	1.856593636
2.018495903	1.862068111
2.019156754	1.866838621
2.019817605	1.871271425
2.020436162	1.875725293
2.021097013	1.880201601
2.021757864	1.884879746
2.02246101	1.889497157
2.023161512	1.894976983
2.023822363	1.899303063
2.024525509	1.903896671
2.02518636	1.908762287
2.025680677	1.910922392
2.026341528	1.915379955
2.027044674	1.92076965
2.027705525	1.925251929
2.028366376	1.92954966
2.029027227	1.934230479
2.029645784	1.938570176
2.030348929	1.943470903
2.031091726	1.948858272
2.031834523	1.954662591
2.032413428	1.958438211
2.033116574	1.963686868
2.033817076	1.968877918
2.034314036	1.971700898
2.034892942	1.97449453
2.035511499	1.978182401
2.03617235	1.98251551
2.036833201	1.986980561
2.037494052	1.991681351
2.038197198	1.996828062
2.038982289	2.002609464
2.039725086	2.008696868
2.040303992	2.013140512
2.040840603	2.015266533
2.041541105	2.01986012
2.042244251	2.025433184
2.042905102	2.029661737
2.043565953	2.034691946
2.044269099	2.039884201
2.044969601	2.044842789
2.045590801	2.04863847
2.046251652	2.053002939
2.046994449	2.058526253
2.047613006	2.062527811
2.048316151	2.067509151
2.049016653	2.073409515
2.049595559	2.077039171
2.050174465	2.080188086
2.050835316	2.084380405
2.051496167	2.089136054
2.052114724	2.093453099
2.052817869	2.098727055
2.053560666	2.104678217
2.054345757	2.111140433
2.055088554	2.11690332
2.05554322	2.119110454
2.056122125	2.121969636
2.056740682	2.125603607
2.057401533	2.087023708
2.058022733	2.093635706
2.058683584	2.098897299
2.059384087	2.10529604
2.060087232	2.111006924
2.060790378	2.117003016
2.061533175	2.123895805
2.062233677	2.130532894
2.062854877	2.134848303
2.063555379	2.140875585
2.064216231	2.146865228
2.064837431	2.151831971
2.065455987	2.15622054
2.066116838	2.16139147
2.06677769	2.167077925
2.06739889	2.171864642
2.068017446	2.176026295
2.068678298	2.180925376
2.069421094	2.187302281
2.07012424	2.194115174
2.070618557	2.19644332
2.071321702	2.201444389
2.072024848	2.207456498
2.072643405	2.212333848
2.07322231	2.216479044
2.073922813	2.221659965
2.074625958	2.227381116
2.075329104	2.233587414
2.076029606	2.239002319
2.076732752	2.245024208
2.077351308	2.249881199
2.077930214	2.253131562
2.078591065	2.257582844
2.079209622	2.262407048
2.079830822	2.266581814
2.080491673	2.271284926
2.081152524	2.276281773
2.081813376	2.28083115
2.082513878	2.286843704
2.083217024	2.292180339
2.083920169	2.297612835
2.084662966	2.304080063
2.085281523	2.309372536
2.085860428	2.312109752
2.086603225	2.318095604
2.087306371	2.323974606
2.087924927	2.328182386
2.088546127	2.332574531
2.089206979	2.337185971
2.089825535	2.341300551
2.090404441	2.345226422
2.091104943	2.350341402
2.091890034	2.356672136
2.092511234	2.362229659
2.093172086	2.366390464
2.093914882	2.372111145
2.094575734	2.37742254
2.095154639	2.381277754
2.095773196	2.385793019
2.096434047	2.389972081
2.097052604	2.394205051
2.097713455	2.399315654
2.098416601	2.404397387
2.099159397	2.410101595
2.099902194	2.415782526
2.10035686	2.417975416
2.100935765	2.420258706
2.101638911	2.425352784
2.102339413	2.430914666
2.102960613	2.435264323
2.10357917	2.439191616
2.104240021	2.443169905
2.104900872	2.447779426
2.105561723	2.452605627
2.10630452	2.458233301
2.10704996	2.464684899
2.107710812	2.468849489
2.108329368	2.472959893
2.108990219	2.477410351
2.109651071	2.481990582
2.110311922	2.486090005
2.110930478	2.489933515
2.111509384	2.493107546
2.11208829	2.496296377
2.112788792	2.501088434
2.113491938	2.506659179
2.114277029	2.513083493
2.11506212	2.519565695
2.115556437	2.522065205
2.116217288	2.525814135
2.116962728	2.531685634
2.11766323	2.537042123
2.118324081	2.541754469
2.118945282	2.545693859
2.119563838	2.549699347
2.120224689	2.554047609
2.120967486	2.559232126
2.121752577	2.566056399
2.122331483	2.569604694
2.1228258	2.571958388
2.12357124	2.576528503
2.124271742	2.582417932
2.125014539	2.58767967
2.125635739	2.592187761
2.12629659	2.596699135
2.126957441	2.60098284
2.127618292	2.605349898
2.128279144	2.610003427
2.128979646	2.615310602
2.129764737	2.621368213
2.130385937	2.626549984
2.130880254	2.627437259
2.131501454	2.630819666
2.132244251	2.636286337
2.132862807	2.640333939
2.133484007	2.643307959
2.13406027	2.646444709
2.134639175	2.649239842
2.135300026	2.653149659
2.136042823	2.658161868
2.136788263	2.664151927
2.13740682	2.668144992
2.138067671	2.671533255
2.138728522	2.676154147
2.139431668	2.681197776
2.140050225	2.68494019
2.140711076	2.688873594
2.141371927	2.693380935
2.141990484	2.69730596
2.142693629	2.702177564
2.143354481	2.706412186
2.144097277	2.711488897
2.144840074	2.717243734
2.14541898	2.721729579
2.145955591	2.722355742
2.146616442	2.72621138
2.147319588	2.731679587
2.147938144	2.735273866
2.148598996	2.739183321
2.149302141	2.743804801
2.150005287	2.748955183
2.150705789	2.753544129
2.151408935	2.758077293
2.152069786	2.762319009
2.152648692	2.7646571
2.153349194	2.76863144
2.15409199	2.774265169
2.154752842	2.777795535
2.155292096	2.77918297
2.155868358	2.780618484
2.156489559	2.783175307
2.15715041	2.786415461
2.157850912	2.789927929
2.158636003	2.794773467
2.159421094	2.80010936
2.160163891	2.804404255
2.160660851	2.805523533
2.161197462	2.805663602
2.161858314	2.808260869
2.16260111	2.811502139
