1	1.97919E-05
1.000035595	1.64938E-05
1.000137931	3.29911E-06
1.000416018	7.26005E-05
1.001426029	0.000115617
1.002502781	0.000135583
1.003232481	0.000248199
1.003824249	0.000291391
1.004309232	0.000294845
1.004865406	0.000371246
1.00552614	0.000384758
1.006117909	0.000421492
1.006605117	0.000461541
1.007125695	0.000488357
1.007681869	0.000478655
1.008202447	0.000552068
1.008758621	0.0005557
1.009350389	0.000569344
1.010011123	0.00065634
1.010705228	0.000653457
1.011123471	0.000617039
1.011610679	0.000737466
1.012200222	0.000717863
1.012723026	0.000788386
1.013208009	0.000875662
1.013764182	0.000859422
1.014355951	0.000926844
1.014912125	0.000907265
1.015468298	0.000867566
1.016093437	0.000938487
1.016685206	0.000922265
1.017136819	0.001046816
1.017692992	0.001114529
1.018318131	0.001031236
1.018874305	0.001129266
1.019397108	0.001119758
1.019953281	0.001130462
1.020542825	0.001312902
1.021098999	0.001202465
1.021621802	0.00130755
1.022211346	0.001328536
1.02287208	0.001349639
1.023497219	0.001441621
1.023879867	0.001496198
1.02450723	0.001476838
1.025132369	0.001498029
1.025652948	0.001512322
1.026140156	0.00154012
1.026660734	0.001615406
1.027216908	0.001663719
1.027739711	0.001688297
1.028260289	0.00174003
1.028885428	0.001713937
1.029477197	0.001752277
1.029997775	0.001807525
1.030520578	0.001828838
1.031076752	0.001860436
1.03159733	0.001939642
1.032117909	0.001899765
1.032674082	0.00197573
1.033230256	0.002010877
1.033822024	0.002001798
1.034413793	0.002108721
1.035038932	0.002103167
1.035733037	0.002135326
1.036220245	0.002214948
1.036671858	0.002195395
1.037332592	0.002265231
1.03792436	0.002297337
1.038444939	0.00230534
1.038967742	0.00239218
1.03948832	0.002376234
1.039975528	0.002408223
1.040460512	0.002491717
1.04105228	0.002500002
1.041677419	0.002484322
1.042269188	0.002544181
1.042756396	0.00255225
1.043381535	0.002577872
1.043973304	0.002624102
1.044493882	0.002659865
1.045014461	0.002695662
1.045570634	0.002735036
1.046093437	0.002753657
1.046649611	0.002844886
1.047239155	0.002884488
1.047935484	0.00289332
1.048596218	0.002964323
1.048907675	0.002965203
1.049359288	0.002997633
1.049986652	0.003096405
1.050576196	0.003049626
1.051098999	0.003137824
1.051619577	0.003194881
1.052140156	0.003161756
1.052696329	0.003239822
1.053288098	0.003290285
1.053913237	0.003281809
1.054540601	0.003402033
1.055061179	0.003428075
1.055548387	0.003464477
1.056173526	0.003550143
1.056798665	0.003517384
1.057354839	0.003571553
1.057842047	0.003639498
1.058329255	0.003585318
1.058849833	0.003684879
1.059406007	0.003749718
1.059997775	0.003741322
1.060622914	0.003820499
1.061283648	0.003878892
1.061699666	0.003904927
1.062222469	0.003910354
1.062916574	0.00400407
1.063508343	0.003999283
1.064028921	0.004060908
1.064551724	0.004119089
1.065107898	0.004131781
1.065664071	0.004225336
1.066253615	0.00423119
1.066878754	0.004261825
1.067401557	0.004341375
1.067784205	0.00432532
1.068340378	0.004383958
1.068929922	0.004460424
1.069521691	0.00446995
1.070077864	0.0045464
1.070634038	0.004555826
1.071154616	0.004543908
1.07171079	0.004648788
1.072233593	0.004682888
1.072858732	0.004742242
1.073552836	0.004784265
1.074144605	0.004832964
1.074527253	0.004852408
1.075014461	0.004904253
1.0756396	0.004942587
1.076231368	0.004980807
1.076751947	0.005064908
1.07720356	0.005099013
1.077759733	0.005105201
1.078315907	0.005210988
1.078941046	0.005221127
1.079568409	0.005281141
1.080124583	0.005372935
1.080645161	0.005336313
1.0812703	0.005417868
1.081826474	0.005488458
1.082349277	0.005448267
1.082905451	0.005543942
1.083461624	0.005571807
1.083982202	0.005595938
1.084538376	0.005688247
1.085130145	0.005716407
1.085719689	0.00576249
1.086275862	0.00584069
1.086832036	0.005840095
1.087214683	0.005878015
1.087770857	0.005977902
1.088395996	0.005999289
1.088952169	0.006038276
1.089474972	0.006120238
1.090031146	0.006123362
1.09062069	0.006187833
1.091281424	0.006277976
1.091977753	0.006303594
1.092498331	0.006371467
1.092949944	0.006392127
1.093506118	0.006406201
1.094166852	0.006525569
1.09465406	0.006506809
1.095070078	0.00653818
1.095592881	0.006624423
1.096113459	0.00662034
1.096669633	0.006685197
1.097225806	0.006742878
1.097817575	0.006771864
1.098407119	0.006869705
1.099034483	0.006935259
1.099555061	0.00689502
1.099971079	0.007024623
1.100562848	0.007028402
1.101223582	0.007068947
1.10181535	0.007192685
1.102371524	0.00714177
1.102927697	0.007225413
1.103448276	0.007334381
1.104040044	0.007316463
1.104560623	0.007392784
1.105047831	0.007432496
1.105532814	0.007450346
1.106193548	0.007546022
1.106854283	0.007579738
1.107410456	0.007627382
1.107933259	0.007696768
1.108453838	0.007707697
1.108974416	0.007777163
1.10953059	0.007810343
1.110086763	0.0078582
1.110678532	0.007942991
1.111339266	0.007984375
1.111964405	0.008051222
1.112347052	0.008050324
1.11283426	0.008123596
1.113423804	0.008142591
1.113946607	0.008223579
1.114467186	0.008267861
1.115058954	0.00829432
1.115615128	0.008375738
1.116171301	0.008409368
1.116760845	0.008446964
1.117388209	0.008547542
1.117873192	0.008558627
1.118464961	0.008625878
1.119159066	0.008697682
1.119715239	0.008713085
1.120202447	0.008801865
1.120689655	0.008835267
1.121210234	0.008835673
1.121733037	0.008958199
1.122253615	0.008958655
1.122809789	0.009000132
1.123365962	0.009052763
1.123957731	0.009102022
1.12458287	0.009162729
1.125034483	0.009188675
1.125590656	0.009263763
1.126182425	0.009290923
1.126738598	0.009332678
1.127259177	0.009403922
1.12781535	0.009449485
1.128371524	0.009476477
1.128927697	0.009537007
1.129552836	0.009639164
1.1301802	0.009681799
1.130665184	0.009738169
1.131221357	0.009806395
1.131882091	0.009815856
1.132369299	0.009879846
1.132856507	0.009921466
1.133341491	0.009944406
1.133897664	0.010050275
1.134420467	0.010077361
1.134976641	0.01013846
1.135566185	0.01015871
1.136193548	0.010231784
1.136854283	0.010275235
1.137374861	0.010302451
1.137826474	0.010344075
1.138418242	0.010405783
1.139043382	0.010456585
1.139599555	0.010491764
1.140155729	0.010609714
1.140747497	0.010634035
1.141303671	0.010688162
1.141788654	0.010741666
1.142344828	0.010735594
1.142901001	0.010835072
1.143423804	0.010889061
1.143979978	0.010901905
1.144605117	0.011021132
1.145196885	0.011011719
1.145753059	0.011077538
1.146309232	0.011150978
1.146829811	0.011193872
1.147350389	0.01124437
1.147942158	0.011329689
1.148567297	0.011335859
1.149192436	0.011429217
1.1498198	0.011507521
1.150202447	0.011499968
1.150758621	0.011585244
1.151314794	0.011609832
1.151835373	0.011630279
1.152355951	0.01164694
1.152878754	0.011732085
1.153468298	0.011753304
1.154024472	0.01186556
1.154580645	0.011871278
1.155172414	0.011945952
1.155797553	0.012013418
1.156284761	0.012048995
1.156876529	0.012043713
1.157535039	0.012134572
1.158091212	0.012155683
1.158614016	0.012245251
1.159101224	0.01223893
1.159621802	0.012282679
1.160177976	0.012391899
1.160698554	0.012408946
1.161221357	0.012468161
1.161846496	0.012555357
1.162438265	0.01257709
1.162854283	0.012635293
1.163446051	0.012703127
1.16407119	0.012709953
1.164627364	0.012781335
1.165147942	0.012817795
1.165704116	0.012846985
1.166260289	0.01293775
1.166852058	0.012978956
1.167443826	0.0130279
1.16803337	0.013099978
1.168589544	0.013183311
1.169076752	0.013169526
1.16959733	0.013279559
1.170120133	0.013300934
1.170640712	0.013306851
1.171196885	0.013459982
1.171788654	0.013462917
1.172378198	0.013535434
1.172969967	0.013638997
1.17352614	0.013571914
1.174186874	0.013688006
1.174916574	0.01380503
1.175368187	0.013767688
1.175786429	0.013861793
1.176375973	0.013903667
1.176967742	0.013953368
1.17748832	0.013998381
1.178011123	0.014039569
1.178567297	0.014077299
1.179087875	0.014196309
1.179608454	0.014233706
1.180164627	0.014240417
1.180720801	0.014325024
1.18131257	0.014398448
1.181764182	0.014384461
1.182389321	0.014551982
1.18298109	0.014516341
1.183468298	0.014592589
1.184024472	0.014693183
1.184580645	0.014700085
1.185101224	0.014804276
1.185657397	0.014822957
1.186213571	0.014837736
1.18683871	0.014990409
1.187499444	0.01501834
1.187917686	0.015058896
1.18840267	0.015139527
1.189030033	0.015123986
1.189586207	0.015233085
1.19014238	0.015303021
1.190662959	0.015309714
1.191219132	0.01542296
1.191810901	0.015489592
1.192400445	0.015512988
1.193027809	0.015639211
1.193617353	0.015686313
1.194140156	0.015708939
1.194696329	0.015712315
1.195321468	0.015771795
1.195842047	0.01581811
1.19636485	0.015884222
1.196885428	0.015946407
1.197372636	0.015980546
1.19792881	0.016098612
1.198484983	0.016102133
1.199041157	0.016172889
1.199666296	0.016264424
1.200291435	0.016312493
1.200709677	0.016361745
1.201230256	0.016432238
1.20189099	0.016457135
1.202482759	0.016596134
1.203003337	0.016643002
1.203523915	0.016693874
1.204046719	0.016744815
1.204636263	0.016788777
1.205228031	0.016852683
1.205888765	0.016969323
1.206409344	0.017004505
1.206827586	0.017050209
1.207348165	0.017073495
1.207939933	0.017137647
1.208496107	0.017261143
1.20905228	0.017312958
1.209572859	0.017332382
1.210093437	0.017399717
1.210649611	0.017447649
1.211241379	0.017524101
1.211833148	0.017604616
1.212458287	0.017649693
1.213083426	0.01773082
1.213501669	0.017804983
1.214057842	0.017813144
1.214682981	0.017906459
1.21527475	0.018007384
1.215795328	0.018011087
1.216315907	0.018070958
1.21687208	0.018131404
1.217499444	0.018160832
1.218124583	0.018278647
1.218749722	0.01833225
1.21923693	0.018399907
1.219724138	0.018475658
1.220313682	0.018480562
1.220869855	0.018577584
1.221357063	0.018653488
1.221877642	0.018657408
1.222433815	0.018786872
1.222989989	0.018819625
1.223581758	0.018885237
1.224206897	0.018987765
1.224798665	0.019049466
1.225354839	0.019066201
1.225875417	0.019179438
1.22629366	0.019218342
1.226883204	0.019280193
1.227543938	0.019412054
1.228135706	0.019437617
1.228656285	0.019490438
1.229143493	0.01955493
1.229699666	0.019563778
1.230291435	0.019670592
1.230916574	0.019778036
1.231472747	0.019811345
1.23192436	0.019916139
1.232549499	0.01995064
1.233174638	0.020013641
1.233661846	0.020094797
1.234113459	0.020122508
1.234600667	0.020179322
1.235121246	0.020289687
1.235677419	0.020262139
1.236233593	0.020377284
1.236860957	0.020481465
1.237521691	0.020533227
1.23814683	0.020657958
1.238667408	0.020674815
1.239085651	0.020702233
1.239641824	0.0208342
1.240231368	0.020831835
1.240787542	0.020914849
1.241310345	0.021021933
1.241866518	0.021060027
1.242456062	0.021127403
1.243083426	0.02121188
1.24367297	0.021262965
1.244124583	0.021291205
1.244611791	0.021414498
1.24523693	0.021417039
1.245897664	0.021559916
1.246420467	0.021589521
1.246976641	0.021615608
1.247532814	0.021789856
1.248088988	0.021774868
1.248609566	0.021866325
1.24916574	0.021970838
1.249757508	0.021989491
1.250347052	0.022094727
1.250938821	0.022179459
1.251354839	0.022058874
1.251877642	0.022175457
1.252467186	0.022223083
1.252989989	0.022277824
1.253474972	0.022381547
1.254066741	0.022425207
1.254622914	0.022522063
1.255214683	0.022636199
1.255804227	0.022667543
1.256431591	0.022790769
1.256883204	0.022815545
1.257472747	0.022884318
1.258133482	0.023020847
1.258758621	0.023107025
1.259281424	0.02312493
1.259768632	0.023221143
1.260253615	0.023313226
1.260809789	0.023327673
1.261332592	0.023433042
1.261922136	0.023498109
1.262513904	0.023559103
1.263105673	0.023686809
1.263695217	0.023714539
1.264077864	0.023775927
1.264598443	0.023831604
1.265225806	0.023897683
1.26578198	0.023991696
1.266302558	0.024068396
1.266823137	0.0241159
1.26737931	0.024251907
1.267971079	0.024313422
1.268596218	0.024367255
1.269187987	0.024487474
1.269675195	0.024509439
1.270231368	0.024616546
1.270925473	0.02475996
1.271517241	0.024641466
1.272004449	0.024718042
1.272489433	0.024773639
1.273012236	0.024788016
1.273568409	0.024908074
1.274157953	0.024999461
1.274749722	0.025065736
1.275410456	0.025188114
1.276035595	0.025309899
1.276487208	0.025302013
1.276938821	0.025412057
1.277494994	0.02549055
1.278122358	0.025574741
1.278678532	0.025674446
1.27919911	0.025718656
1.279790879	0.02582765
1.280347052	0.025923343
1.280867631	0.025963459
1.281388209	0.026054321
1.281979978	0.02611287
1.282500556	0.026148857
1.283023359	0.026239929
1.283612903	0.026311265
1.284169077	0.026377734
1.28472525	0.026495105
1.285281424	0.026582889
1.285873192	0.026641787
1.286393771	0.02675017
1.286949944	0.026782961
1.287541713	0.026871725
1.288166852	0.027029246
1.288791991	0.02706787
1.289245829	0.027136941
1.289802002	0.027250758
1.290358176	0.027275278
1.290843159	0.027362175
1.291330367	0.027423618
1.291850945	0.027434673
1.292442714	0.027579403
1.292998888	0.027685105
1.293624027	0.027707024
1.294284761	0.027857797
1.294876529	0.027973046
1.295328142	0.027982802
1.295919911	0.028111005
1.296509455	0.028149454
1.297032258	0.028289159
1.297552836	0.028360435
1.298073415	0.028388941
1.298629588	0.028478212
1.299185762	0.028584691
1.29967297	0.028591123
1.300264739	0.028762839
1.300854283	0.028814499
1.301481646	0.028867034
1.301862069	0.028978537
1.302418242	0.029003806
1.303078977	0.029143174
1.30363515	0.029258818
1.304157953	0.029309269
1.304714127	0.029407845
1.305303671	0.029511553
1.305859844	0.029545666
1.306416018	0.029713388
1.307043382	0.029818198
1.307701891	0.029854789
1.308155729	0.02998166
1.308711902	0.030024625
1.309232481	0.030058162
1.309684093	0.030167895
1.310204672	0.030227427
1.310760845	0.030283496
1.311317019	0.030378532
1.311908788	0.030275397
1.312464961	0.030383478
1.31305673	0.03053578
1.313681869	0.030571985
1.314202447	0.030692477
1.31465406	0.030802766
1.315281424	0.030847836
1.315942158	0.031028284
1.316531702	0.031146411
1.317087875	0.031194326
1.317610679	0.031302328
1.318131257	0.031349479
1.318618465	0.031439361
1.319208009	0.031540449
1.319799778	0.031628608
1.320355951	0.0317334
1.320843159	0.031832249
1.321432703	0.031898765
1.322024472	0.032065681
1.322580645	0.0321577
1.323136819	0.03220614
1.323692992	0.032320105
1.3241802	0.032388785
1.324736374	0.032118349
1.325292547	0.032271727
1.325953281	0.032375293
1.326647386	0.032488516
1.327030033	0.032572303
1.327481646	0.032605283
1.328073415	0.03273372
1.328629588	0.03286576
1.329150167	0.032940019
1.32970634	0.0330503
1.330262514	0.033138721
1.330854283	0.033149073
1.331443826	0.033357004
1.332104561	0.033457046
1.3327297	0.033587049
1.333183537	0.033739213
1.333704116	0.033717192
1.33436485	0.033918763
1.334921023	0.034025373
1.335477197	0.034074791
1.335997775	0.034162993
1.336449388	0.034223034
1.336936596	0.034297252
1.337457175	0.034425313
1.338048943	0.034533234
1.338640712	0.034610327
1.339301446	0.034759947
1.339753059	0.034820281
1.340273637	0.034882443
1.340898776	0.035053523
1.341490545	0.03513537
1.342011123	0.035241968
1.342498331	0.035352188
1.343054505	0.035393415
1.343646274	0.035559705
1.344235818	0.03558861
1.344932147	0.035700211
1.34548832	0.035928013
1.345870968	0.035876077
1.346427141	0.036037468
1.346983315	0.036119003
1.347572859	0.036205934
1.348129032	0.036332052
1.348685206	0.036436018
1.349208009	0.036494648
1.349764182	0.036634359
1.350353726	0.036766173
1.35098109	0.036845644
1.351570634	0.037026682
1.352162403	0.03714102
1.35257842	0.037152448
1.353065628	0.037304192
1.353690768	0.037383942
1.354282536	0.037485164
1.354803115	0.037615767
1.355290323	0.037647177
1.355846496	0.0377968
1.356471635	0.037930565
1.357063404	0.037987401
1.357688543	0.038197477
1.358211346	0.038256988
1.358767519	0.03834885
1.359392659	0.038550344
1.359948832	0.038624434
1.36046941	0.03871551
1.360992214	0.038833645
1.361548387	0.038907901
1.362068966	0.039080032
1.362625139	0.039149928
1.363216908	0.039202904
1.363842047	0.039346849
1.36439822	0.039430405
1.364885428	0.039521024
1.365265851	0.039613103
1.365822024	0.03968781
1.366449388	0.03982774
1.367005562	0.040001776
1.367561735	0.040076695
1.368117909	0.040196792
1.368707453	0.040345045
1.369263626	0.040411123
1.36989099	0.040592315
1.370480534	0.040763489
1.370932147	0.040758833
1.37148832	0.04091109
1.372149055	0.041066587
1.372705228	0.041142098
1.373192436	0.041283531
1.373679644	0.041352554
1.374200222	0.041413555
1.374791991	0.041562903
1.375348165	0.041670453
1.375973304	0.041789249
1.376598443	0.04198533
1.377223582	0.042081627
1.37771079	0.04219195
1.378129032	0.042286586
1.378685206	0.042362773
1.37934594	0.042555975
1.379902113	0.042700585
1.380458287	0.042745118
1.381014461	0.042962781
1.381570634	0.043007427
1.382195773	0.04315455
1.382751947	0.043299628
1.383134594	0.043275111
1.383586207	0.043375956
1.384211346	0.043541668
1.384836485	0.043657262
1.385392659	0.043834743
1.385948832	0.043948347
1.386505006	0.044048308
1.387027809	0.044225054
1.387617353	0.044303356
1.388173526	0.044357746
1.38880089	0.04460227
1.389459399	0.044687585
1.390086763	0.044914106
1.39046941	0.044963163
1.390989989	0.045016704
1.391581758	0.045205698
1.392102336	0.045231793
1.392589544	0.045275185
1.393110122	0.045420781
1.393666296	0.045503275
1.394258065	0.045637576
1.394883204	0.045837486
1.395474972	0.045948996
1.395926585	0.046051355
1.396482759	0.046184866
1.397143493	0.046308109
1.397699666	0.046510964
1.39825584	0.04658482
1.398776418	0.046666761
1.399296997	0.046850298
1.3998198	0.046969387
1.400375973	0.047048101
1.400932147	0.047210043
1.40148832	0.047256524
1.402077864	0.047438276
1.402634038	0.047595898
1.403085651	0.047606594
1.403608454	0.047721563
1.404233593	0.04790494
1.404789766	0.04802586
1.40534594	0.048202489
1.405902113	0.048272579
1.406458287	0.048403022
1.407050056	0.048581194
1.407675195	0.04870029
1.408335929	0.048978657
1.408823137	0.04906531
1.409448276	0.049087081
1.41010901	0.04935662
1.410593993	0.049415473
1.411047831	0.049468608
1.411532814	0.049564765
1.412055617	0.049625044
1.412611791	0.049826319
1.413167964	0.049999768
1.413724138	0.050042763
1.414349277	0.050293498
1.414974416	0.05044175
1.415497219	0.050558442
1.415948832	0.050686669
1.416505006	0.050767322
1.417130145	0.050972037
1.417721913	0.051142972
1.418278087	0.05123789
1.418867631	0.05141832
1.419423804	0.051209049
1.419946607	0.051340324
1.420502781	0.051444776
1.421058954	0.051633672
1.421579533	0.051685412
1.422171301	0.051847664
1.422760845	0.052014646
1.423283648	0.052085403
1.423804227	0.052320499
1.4243604	0.052364429
1.424916574	0.052521185
1.425403782	0.052623777
1.42592436	0.052666514
1.426549499	0.0529343
1.427210234	0.053203627
1.427802002	0.053291624
1.428253615	0.053435686
1.428774194	0.05348344
1.429296997	0.053630309
1.42985317	0.053830408
1.430409344	0.053907967
1.430929922	0.05404559
1.431486096	0.054264919
1.432042269	0.054361584
1.432598443	0.054614253
1.433259177	0.054833283
1.433919911	0.055014651
1.434371524	0.055131339
1.434927697	0.055289983
1.435552836	0.055494015
1.43610901	0.055742902
1.436665184	0.055783446
1.437221357	0.055975713
1.437813126	0.056183732
1.438333704	0.056261009
1.438820912	0.056379736
1.439341491	0.056575806
1.439968854	0.056681215
1.440593993	0.056729582
1.440976641	0.056678105
1.441532814	0.056818859
1.442157953	0.057119415
1.442714127	0.057208069
1.443234705	0.057390577
1.443790879	0.057603196
1.444347052	0.057711145
1.444903226	0.05795738
1.445459399	0.058132267
1.446086763	0.058319683
1.446676307	0.058601151
1.447163515	0.058587471
1.447719689	0.058753253
1.448240267	0.058955915
1.44876307	0.05905844
1.449283648	0.059237423
1.449839822	0.059394067
1.450431591	0.059557059
1.451021135	0.059811014
1.451577308	0.059982375
1.452204672	0.060128057
1.452863181	0.060457249
1.453350389	0.060606964
1.453802002	0.060573045
1.454358176	0.060788115
1.454985539	0.061020715
1.455541713	0.06122169
1.456062291	0.061445314
1.45658287	0.061510525
1.457070078	0.061641646
1.457626251	0.061828653
1.45821802	0.061949958
1.458843159	0.062274873
1.459399333	0.062471921
1.459919911	0.062576073
1.46051168	0.06282787
1.461103448	0.063022015
1.461624027	0.063160183
1.4621802	0.06333856
1.462771969	0.063494474
1.463361513	0.063655223
1.463884316	0.063851803
1.464440489	0.064035475
1.465098999	0.064243085
1.465726363	0.06453168
1.466073415	0.064493763
1.466525028	0.064566843
1.467116796	0.064781637
1.46767297	0.064956277
1.468193548	0.065173039
1.468749722	0.065372144
1.469305895	0.0655423
1.469897664	0.065777191
1.470487208	0.065983046
1.471114572	0.066239273
1.471704116	0.066542533
1.472191324	0.066632549
1.472747497	0.066750026
1.473339266	0.067044148
1.473895439	0.067210451
1.474451613	0.067513044
1.475007786	0.067655283
1.47549277	0.067804074
1.476015573	0.068003378
1.476571746	0.068150769
1.47716129	0.068387503
1.477822024	0.068754455
1.478482759	0.069077815
1.478901001	0.069121748
1.47942158	0.069341283
1.480046719	0.069614692
1.480602892	0.069880167
1.481125695	0.070066071
1.481681869	0.070170582
1.482238042	0.070426723
1.482794216	0.070653689
1.483350389	0.070846554
1.483939933	0.071139041
1.484496107	0.07126364
1.484914349	0.071318006
1.485434928	0.071490006
1.486026696	0.071680248
1.486547275	0.071916214
1.487103448	0.072109905
1.487659622	0.072323351
1.488215795	0.072389662
1.488771969	0.072495291
1.489363737	0.072735361
1.489988877	0.073016553
1.490614016	0.073327458
1.491239155	0.073648436
1.491657397	0.07375766
1.492144605	0.073860504
1.492769744	0.074073641
1.493325918	0.074396797
1.493846496	0.074516357
1.494298109	0.07468676
1.494820912	0.074905195
1.495410456	0.075102453
1.496002225	0.075428261
1.496662959	0.075767667
1.497183537	0.076001446
1.497775306	0.076268636
1.498367075	0.076526129
1.498992214	0.076859681
1.499512792	0.077123799
1.500035595	0.077318923
1.500556174	0.077548698
1.501112347	0.077716087
1.501668521	0.077977695
1.502260289	0.078300795
1.502885428	0.078660573
1.503474972	0.078850132
1.50396218	0.078940177
1.504344828	0.078965224
1.504936596	0.079150179
1.50552614	0.079548684
1.506082314	0.079742016
1.506605117	0.079963518
1.50716129	0.080221731
1.507717464	0.080460218
1.508307008	0.080810104
1.508967742	0.081099359
1.509559511	0.08137018
1.510011123	0.081529011
1.510602892	0.081765263
1.511192436	0.082096267
1.511715239	0.082284241
1.512235818	0.082462226
1.512723026	0.082603563
1.513208009	0.08280475
1.513764182	0.083029926
1.514320356	0.083330174
1.51494772	0.083614561
1.515572859	0.083904031
1.516266963	0.084412611
1.516789766	0.08459682
1.517205784	0.084635037
1.517761958	0.084886352
1.518353726	0.08514984
1.5189099	0.085481652
1.519466073	0.085653294
1.520022247	0.085875178
1.520542825	0.086110234
1.521098999	0.086272188
1.521759733	0.086555631
1.522211346	0.086606424
1.522698554	0.086478436
1.523290323	0.086823582
1.523915462	0.087211094
1.52450723	0.087420968
1.525027809	0.087692286
1.525548387	0.08787822
1.52607119	0.087958676
1.526591769	0.088316
1.527147942	0.088459002
1.527739711	0.088785569
1.528400445	0.089227301
1.528989989	0.089433201
1.529441602	0.08964124
1.52992881	0.089664749
1.530553949	0.089943727
1.531076752	0.090307782
1.531561735	0.090376805
1.532084538	0.090609807
1.532640712	0.090855038
1.533230256	0.091152981
1.53385762	0.091524216
1.534482759	0.091931023
1.534969967	0.092152619
1.535559511	0.092421015
1.536220245	0.092972596
1.536812013	0.093307505
1.537332592	0.093582525
1.537855395	0.093731026
1.538340378	0.093907744
1.538896552	0.094271654
1.539452725	0.094539318
1.540044494	0.094834743
1.540636263	0.095287909
1.541192436	0.095505327
1.54174861	0.095890705
1.542164627	0.095942015
1.542720801	0.096088572
1.54334594	0.096626423
1.543902113	0.096936255
1.544458287	0.097164771
1.545014461	0.09756161
1.545606229	0.097802914
1.546162403	0.098169624
1.546787542	0.098591989
1.54737931	0.098941069
1.547866518	0.099130503
1.548456062	0.099347033
1.549116796	0.099813555
1.549637375	0.100061789
1.550055617	0.100114361
1.550542825	0.10021232
1.551063404	0.100542717
1.551583982	0.100755597
1.552140156	0.100970912
1.552731924	0.101424284
1.553357063	0.101772557
1.553984427	0.102295509
1.554540601	0.102696201
1.554956618	0.102662133
1.555512792	0.103011849
1.556104561	0.103430884
1.556660734	0.103683517
1.557250278	0.104066951
1.557842047	0.101804325
1.558502781	0.102191948
1.559058954	0.102531841
1.559579533	0.102668968
1.560102336	0.102945257
1.560587319	0.103136842
1.561143493	0.103400184
1.561770857	0.103926
1.56232703	0.104267071
1.562847608	0.104466783
1.563368187	0.104857414
1.56389099	0.105088511
1.564411568	0.105396996
1.564967742	0.105775177
1.565559511	0.105706725
1.56618465	0.106255231
1.566845384	0.106780726
1.567296997	0.106925243
1.567817575	0.107162454
1.568373749	0.107459145
1.568896552	0.107753728
1.569381535	0.108030348
1.569937709	0.108306853
1.570529477	0.108725863
1.571121246	0.109082968
1.57171079	0.109429787
1.572302558	0.10991184
1.572927697	0.110370623
1.573414905	0.110524183
1.574006674	0.110960352
1.574596218	0.11130836
1.575119021	0.111521974
1.575604004	0.111743417
1.576126808	0.111858481
1.576716352	0.112269595
1.577272525	0.11242366
1.577795328	0.112658699
1.578351502	0.112969145
1.578976641	0.113331607
1.57960178	0.113814163
1.580020022	0.113948538
1.580609566	0.114256962
1.58123693	0.114776964
1.581757508	0.115096505
1.582278087	0.115301405
1.58280089	0.115663211
1.583357063	0.115865764
1.583946607	0.116217174
1.584502781	0.116555905
1.58519911	0.117062051
1.585824249	0.117526702
1.586275862	0.117486916
1.586832036	0.117706078
1.587319244	0.117941186
1.587806452	0.118066426
1.588291435	0.11822823
1.588847608	0.118641745
1.589403782	0.11901882
1.589995551	0.119377824
1.590551724	0.119823576
1.591143493	0.120078102
1.591804227	0.120605788
1.5923604	0.121131171
1.592812013	0.121112984
1.593437152	0.121670368
1.594062291	0.122144021
1.594618465	0.122381261
1.595174638	0.122729137
1.595697442	0.122906215
1.59621802	0.123151661
1.596705228	0.12336306
1.597261402	0.123616783
1.597850945	0.123957572
1.598407119	0.124169441
1.598929922	0.124268072
1.599519466	0.124699058
1.60014683	0.125249408
1.600667408	0.125437997
1.601223582	0.12584075
1.601779755	0.126190915
1.602335929	0.12655715
1.602892102	0.126897171
1.603448276	0.127205663
1.60410901	0.127718432
1.604769744	0.128369214
1.605116796	0.12830167
1.605568409	0.128385435
1.606124583	0.128806069
1.606716352	0.129118527
1.607272525	0.129613878
1.607793103	0.12994225
1.608349277	0.130289607
1.608905451	0.130785775
1.60953059	0.131208241
1.610157953	0.131838321
1.610747497	0.132120377
1.6112703	0.132200465
1.611790879	0.132418629
1.612382647	0.132802324
1.612972191	0.133249929
1.613528365	0.133647158
1.614051168	0.133903429
1.614536151	0.134183324
1.615023359	0.134404947
1.615543938	0.134698739
1.616100111	0.135230228
1.616727475	0.135789361
1.617352614	0.136359369
1.617768632	0.13656521
1.618291435	0.13670543
1.618916574	0.13723352
1.619508343	0.13778585
1.620097887	0.137948235
1.62065406	0.138188047
1.621245829	0.138393595
1.621802002	0.138639012
1.622462736	0.139278856
1.623123471	0.139742489
1.623608454	0.139607505
1.623991101	0.139468984
1.624478309	0.139446523
1.625103448	0.139816463
1.625659622	0.1402665
1.62625139	0.140585782
1.626807564	0.141047065
1.627328142	0.141301551
1.627850945	0.141620802
1.628407119	0.142061311
1.629032258	0.142647835
1.629726363	0.143342971
1.630318131	0.143927428
1.630736374	0.143889041
1.631256952	0.144214784
1.631882091	0.144792203
1.632438265	0.14521849
1.632925473	0.145326468
1.633377086	0.145442092
1.633897664	0.145639357
1.634489433	0.145988643
1.635081201	0.14639208
1.635670745	0.146844131
1.636193548	0.147252681
1.636749722	0.147378322
1.637339266	0.147814878
1.637931034	0.148311344
1.638451613	0.148628716
1.639007786	0.148998152
1.63956396	0.149324538
1.640086763	0.149561506
1.640642937	0.150066824
1.641268076	0.150270182
1.641893215	0.146303305
1.642518354	0.140344923
1.643005562	0.139448944
1.643388209	0.138928483
1.643944383	0.139045997
1.644536151	0.139351012
1.645092325	0.139539231
1.645612903	0.139485678
1.646169077	0.139695725
1.646760845	0.140088165
1.647385984	0.140429354
1.648046719	0.14067595
1.648636263	0.140970995
1.649123471	0.140484986
1.649646274	0.140295534
1.650271413	0.140816855
1.650860957	0.141188451
1.651348165	0.141437114
1.651870968	0.14169985
1.652355951	0.141757804
1.652878754	0.142157053
1.653468298	0.142693183
1.654129032	0.143437709
1.654789766	0.14428104
1.655414905	0.144816081
1.655866518	0.144981217
1.656249166	0.145025647
1.656805339	0.145429587
1.657432703	0.14620087
1.657988877	0.146791374
1.65854505	0.147278292
1.659101224	0.147929688
1.659657397	0.148346078
1.660282536	0.148927717
1.66087208	0.149605164
1.661290323	0.149779838
1.661777531	0.149884062
1.66240267	0.150598489
1.662994438	0.15126649
1.663550612	0.151799977
1.66407119	0.152171342
1.664627364	0.152518717
1.665147942	0.152923442
1.665670745	0.153504419
1.666260289	0.153927009
1.666852058	0.154580998
1.667477197	0.155370529
1.668102336	0.155835962
1.668484983	0.155992791
1.668972191	0.156082385
1.66959733	0.156631008
1.670153504	0.157085361
1.670640712	0.157412239
1.67116129	0.157747943
1.671684093	0.158277037
1.672273637	0.158752091
1.672865406	0.159393197
1.673490545	0.160109673
1.673977753	0.160531773
1.674498331	0.16089654
1.675159066	0.16162312
1.675715239	0.162157682
1.676238042	0.162578738
1.676758621	0.162927905
1.677279199	0.163338118
1.677835373	0.163823978
1.678391546	0.164204932
1.67901891	0.164809083
1.679644049	0.16560734
1.680235818	0.166208852
1.680825362	0.166644193
1.681208009	0.166687676
1.681728587	0.166983377
1.682355951	0.16750073
1.682912125	0.167983557
1.683468298	0.168300072
1.684024472	0.16876119
1.684580645	0.168983631
1.685136819	0.169295121
1.685761958	0.169825027
1.686387097	0.170305214
1.686874305	0.170315466
1.687466073	0.170514373
1.688091212	0.171023015
1.688611791	0.171036765
1.689063404	0.171043507
1.689586207	0.171118742
1.690106785	0.171377743
1.690662959	0.171718562
1.691219132	0.172104197
1.691844271	0.172759379
1.692505006	0.173435394
1.693130145	0.173968597
1.693617353	0.174275644
1.694035595	0.174056044
1.694625139	0.174614125
1.695252503	0.175176461
1.695773081	0.175470786
1.69636485	0.175834188
1.696954394	0.176124801
1.697477197	0.176167863
1.697997775	0.176345114
1.698553949	0.176509331
1.699110122	0.176847366
1.699630701	0.177064137
1.700186874	0.177307153
1.700778643	0.177868181
1.701370412	0.178339761
1.70189099	0.178557133
1.702447164	0.178907506
1.702967742	0.179288027
1.703490545	0.17947231
1.704011123	0.179678921
1.704636263	0.18023404
1.705296997	0.180860793
1.705957731	0.181549879
1.706444939	0.181567954
1.706932147	0.181659208
1.707521691	0.182026106
1.707973304	0.182079883
1.708460512	0.182075466
1.70898109	0.182108396
1.709572859	0.182566205
1.710164627	0.183091981
1.710754171	0.183527549
1.71134594	0.183952321
1.711937709	0.18446205
1.712422692	0.184384388
1.713014461	0.184764542
1.7136396	0.185385933
1.714195773	0.18553092
1.714718576	0.185581847
1.715239155	0.185615557
1.715759733	0.185734148
1.716282536	0.186000215
1.716803115	0.186152906
1.717359288	0.18649646
1.717915462	0.186930867
1.718540601	0.187367366
1.718992214	0.187150097
1.719548387	0.187182288
1.720175751	0.187591036
1.720731924	0.187617632
1.721288098	0.18749658
1.721844271	0.187443567
1.722400445	0.187504113
1.722989989	0.187591027
1.723581758	0.18782602
1.724275862	0.188527316
1.724903226	0.188937302
1.725354839	0.188730659
1.725911012	0.188962292
1.726431591	0.189127491
1.726918799	0.189306186
1.727474972	0.18962358
1.728066741	0.190024855
1.728622914	0.190411035
1.729212458	0.190299148
1.729735261	0.188970175
1.730324805	0.188212667
1.730916574	0.188225648
1.731403782	0.188290051
1.731855395	0.1875508
1.732444939	0.187740368
1.733072303	0.188259981
1.733661846	0.188444116
1.734149055	0.188382667
1.734705228	0.188511751
1.735225806	0.188728592
1.73574861	0.188785454
1.736269188	0.189116986
1.736894327	0.189563218
1.737450501	0.189979255
1.737937709	0.19013572
1.738598443	0.190689749
1.739190211	0.191316878
1.73971079	0.191506134
1.740231368	0.191838979
1.740754171	0.192281335
1.74127475	0.192677725
1.741866518	0.1932316
1.742491657	0.193933215
1.743185762	0.194729236
1.743846496	0.195602622
1.744195773	0.195486455
1.744680756	0.195632892
1.74523693	0.196259436
1.745759733	0.196790437
1.746315907	0.197204521
1.746836485	0.197689711
1.747357063	0.198117516
1.747913237	0.198561115
1.74846941	0.199108774
1.749061179	0.199822351
1.749686318	0.200661394
1.750209121	0.201194764
1.7507297	0.201549134
1.751354839	0.202285469
1.751982202	0.203051433
1.752538376	0.203659308
1.753058954	0.20400894
1.753546162	0.204210246
1.754031146	0.204446089
1.754553949	0.204860073
1.755143493	0.205577344
1.755770857	0.206345827
1.756431591	0.207083979
1.756883204	0.207166201
1.757368187	0.206869775
1.758028921	0.207492671
1.758656285	0.208210649
1.759212458	0.20863048
1.759768632	0.208957657
1.760324805	0.209447587
1.760880979	0.209833231
1.761575083	0.210508647
1.762235818	0.211261913
1.76268743	0.211321868
1.763070078	0.210983903
1.763557286	0.211239997
1.76414683	0.211764518
1.764738598	0.21247007
1.765294772	0.21306111
1.765850945	0.213506857
1.766371524	0.213925225
1.766927697	0.214418062
1.767483871	0.21515021
1.76807564	0.215927948
1.768700779	0.216908615
1.769292547	0.217769085
1.769675195	0.217740294
1.770195773	0.21817222
1.770820912	0.219160512
1.771448276	0.220085448
1.771968854	0.220576818
1.772420467	0.220825973
1.772976641	0.221351444
1.773532814	0.22206441
1.774157953	0.222967862
1.774785317	0.223760943
1.775341491	0.224545524
1.775931034	0.225082886
1.776522803	0.225855242
1.777112347	0.226791918
1.77763515	0.227128372
1.778155729	0.227558548
1.778642937	0.228096135
1.779163515	0.228532632
1.779686318	0.229122266
1.780242492	0.229722386
1.780867631	0.230437495
1.781459399	0.231325013
1.782015573	0.231749928
1.782362625	0.23161868
1.782918799	0.232090878
1.783543938	0.23294885
1.784135706	0.233679403
1.78469188	0.234264424
1.785281424	0.234771708
1.785873192	0.235456298
1.786464961	0.236076468
1.787123471	0.236800159
1.787679644	0.237286639
1.788166852	0.237215642
1.788758621	0.237683577
1.789419355	0.238568234
1.789975528	0.239002559
1.790460512	0.239055503
1.790914349	0.239116097
1.791399333	0.239304944
1.791955506	0.239751636
1.79251168	0.240429161
1.793103448	0.241052698
1.793728587	0.242042021
1.794353726	0.242665
1.794840934	0.243026917
1.795259177	0.242888125
1.79581535	0.243383959
1.796404894	0.244352716
1.796927697	0.245075848
1.797483871	0.245560822
1.798040044	0.246437502
1.798596218	0.246810378
1.799221357	0.247525272
1.799846496	0.24853152
1.800298109	0.248819546
1.800749722	0.248822563
1.801341491	0.249706502
1.80196663	0.250571832
1.802489433	0.25109641
1.803045606	0.251679435
1.80360178	0.252268722
1.804157953	0.252995204
1.804714127	0.253775664
1.805303671	0.254507667
1.805895439	0.255347635
1.806589544	0.256452902
1.807216908	0.257465973
1.807599555	0.257580113
1.808120133	0.257785511
1.808745273	0.258775567
1.809268076	0.259244261
1.809719689	0.259297032
1.810204672	0.259754651
1.810760845	0.260378008
1.811317019	0.261115222
1.811977753	0.262166806
1.812569522	0.262957952
1.81305673	0.263531007
1.813646274	0.264107271
1.814307008	0.26531067
1.814898776	0.266127586
1.815419355	0.266539273
1.815906563	0.267024118
1.816427141	0.267430214
1.816983315	0.268033541
1.817506118	0.268602279
1.818095662	0.269151195
1.818618465	0.269606527
1.819174638	0.270025025
1.819764182	0.270838867
1.820215795	0.270978133
1.820807564	0.271498677
1.821432703	0.272481115
1.822024472	0.273128593
1.82254505	0.273477167
1.823101224	0.273043437
1.823624027	0.270450855
1.824213571	0.263124795
1.824805339	0.261915982
1.825430478	0.262445275
1.825882091	0.262516227
1.826404894	0.262723936
1.827030033	0.263531042
1.827586207	0.264117665
1.82803782	0.264297502
1.828525028	0.264566987
1.829045606	0.265118946
1.82960178	0.26594793
1.830157953	0.266819629
1.830783092	0.267840792
1.831443826	0.2692605
1.832104561	0.270378988
1.832627364	0.271169476
1.833043382	0.271152428
1.83363515	0.271965788
1.834224694	0.273178616
1.834780868	0.27394536
1.835337041	0.274536948
1.83592881	0.275455151
1.836520578	0.27624667
1.837041157	0.276888533
1.83759733	0.277475474
1.838189099	0.278498617
1.838709677	0.279032383
1.839301446	0.279838117
1.839926585	0.280855758
1.840447164	0.281305553
1.840969967	0.281725533
1.84152614	0.28243025
1.842115684	0.283298458
1.842638487	0.283828648
1.843228031	0.284527475
1.84385317	0.285524143
1.844513904	0.286618218
1.845141268	0.287555637
1.845521691	0.287328801
1.846008899	0.287477726
1.846565072	0.288027268
1.84705228	0.288346974
1.847572859	0.288891424
1.848095662	0.289521831
1.848651835	0.290511474
1.849241379	0.29133002
1.849833148	0.29239956
1.850424917	0.293536868
1.851014461	0.29461343
1.851466073	0.294954033
1.851988877	0.295587136
1.85257842	0.296677325
1.853101224	0.297182827
1.853621802	0.297657637
1.85414238	0.298426244
1.854734149	0.29936579
1.855325918	0.300305876
1.855846496	0.301161483
1.85640267	0.302035561
1.857063404	0.30334372
1.857688543	0.304769453
1.85807119	0.304801584
1.858662959	0.305763141
1.859288098	0.306595825
1.859808676	0.307381042
1.860331479	0.307976785
1.860852058	0.308609276
1.861443826	0.309745119
1.86203337	0.310887393
1.862625139	0.311846377
1.863250278	0.313131113
1.863842047	0.314183529
1.864329255	0.314542396
1.864885428	0.315263695
1.865370412	0.315985616
1.86585762	0.316338959
1.866378198	0.317012089
1.866934372	0.318011837
1.867490545	0.318975163
1.868082314	0.320216238
1.868674082	0.321322425
1.869263626	0.322459694
1.86992436	0.324066386
1.870480534	0.325328915
1.870898776	0.325352288
1.871523915	0.326529017
1.872149055	0.328058467
1.872705228	0.329156665
1.873228031	0.329718169
1.87374861	0.330471149
1.874235818	0.331088768
1.874720801	0.33161351
1.87531257	0.332664644
1.875937709	0.334019339
1.876565072	0.335542395
1.877085651	0.336223704
1.877641824	0.337153279
1.878197998	0.338287799
1.878718576	0.338988891
1.87927475	0.339882726
1.879830923	0.340919652
1.880353726	0.341783592
1.88094327	0.342864869
1.881535039	0.344102327
1.882195773	0.345576663
1.882856507	0.34726933
1.88320356	0.347227735
1.883655172	0.347360712
1.884211346	0.348414224
1.884767519	0.349536687
1.885323693	0.350591342
1.885879867	0.351721209
1.886400445	0.352683237
1.886992214	0.353889391
1.887583982	0.355270575
1.888244716	0.356833755
1.88883426	0.35844051
1.889357063	0.359175419
1.889877642	0.359928959
1.890502781	0.361345128
1.891058954	0.36252436
1.891615128	0.363354795
1.892137931	0.36383595
1.892658509	0.364510428
1.893110122	0.364853438
1.893630701	0.36566586
1.894222469	0.366786121
1.894847608	0.368407276
1.895508343	0.370048874
1.895926585	0.370393193
1.896447164	0.370970329
1.897072303	0.372463068
1.897664071	0.37383746
1.89818465	0.374810354
1.898740823	0.375527713
1.899296997	0.376458442
1.8998198	0.37738929
1.900409344	0.378509406
1.901105673	0.380197054
1.901695217	0.381299821
1.902077864	0.38126988
1.902565072	0.381656232
1.903121246	0.382627851
1.903677419	0.383713004
1.904269188	0.385044617
1.904825362	0.386043028
1.90534594	0.38689017
1.905902113	0.387914705
1.906458287	0.389109569
1.907083426	0.390583392
1.90771079	0.392077434
1.908369299	0.393685813
1.908751947	0.393840306
1.90927475	0.393916688
1.909935484	0.395376054
1.910525028	0.396733318
1.911081201	0.397390954
1.911532814	0.397749693
1.912020022	0.398267338
1.912611791	0.39932434
1.91323693	0.401038946
1.913862069	0.402647263
1.914384872	0.403508724
1.914905451	0.404073246
1.915497219	0.405303866
1.916086763	0.406787516
1.916609566	0.407707753
1.917130145	0.408431915
1.917686318	0.409549877
1.918242492	0.410377349
1.91876307	0.411197603
1.919354839	0.412274113
1.920015573	0.413714398
1.920605117	0.415171865
1.921092325	0.415923559
1.921474972	0.415543709
1.922066741	0.416546638
1.922656285	0.418107734
1.923212458	0.419218346
1.923735261	0.4202334
1.924291435	0.421256249
1.924880979	0.422604415
1.925472747	0.424042738
1.926097887	0.425616308
1.926689655	0.426859282
1.927141268	0.427315327
1.927733037	0.428292279
1.928427141	0.430074961
1.928983315	0.431070734
1.929470523	0.431453291
1.929991101	0.432187236
1.930442714	0.432504874
1.930965517	0.433080615
1.931486096	0.434082982
1.932111235	0.435453535
1.932703003	0.436976724
1.933328142	0.438706032
1.933850945	0.439819805
1.934302558	0.439731099
1.934858732	0.440642573
1.935483871	0.441742615
1.93607564	0.442886734
1.936631813	0.443806107
1.937187987	0.444802617
1.937813126	0.445757962
1.938438265	0.44684811
1.938958843	0.447742023
1.939377086	0.44777463
1.939828699	0.447738127
1.940453838	0.449111386
1.941081201	0.450966175
1.941637375	0.452229036
1.942157953	0.45318313
1.942645161	0.453713342
1.94316574	0.45441181
1.943686318	0.455533749
1.944278087	0.456730666
1.944869855	0.458165599
1.94553059	0.460079682
1.946155729	0.461761821
1.946607341	0.462350563
1.94712792	0.462821045
1.947755284	0.464415783
1.948275862	0.46558103
1.948727475	0.466003933
1.949248053	0.466867858
1.949804227	0.468062302
1.9503604	0.469450359
1.950952169	0.4710794
1.951577308	0.473013555
1.952064516	0.474110397
1.952656285	0.475104354
1.953317019	0.477301205
1.953942158	0.479355345
1.954462736	0.480417885
1.954949944	0.480956809
1.955437152	0.481592697
1.955993326	0.482716851
1.95658287	0.48394663
1.957174638	0.485306734
1.957730812	0.486665182
1.958322581	0.488071953
1.958912125	0.489556471
1.959294772	0.489761971
1.95981535	0.490674334
1.960442714	0.49246751
1.960998888	0.494082075
1.961519466	0.495339081
1.962111235	0.496776511
1.962700779	0.498589661
1.963256952	0.499974358
1.963884316	0.50181845
1.96447386	0.503433598
1.964961068	0.504025138
1.965481646	0.504807014
1.96610901	0.506291187
1.966665184	0.507524281
1.967116796	0.508069088
1.967637375	0.508761731
1.968157953	0.50991562
1.968714127	0.511157218
1.969305895	0.512460667
1.969897664	0.514122196
1.970558398	0.516173195
1.971252503	0.518669891
1.971739711	0.520228982
1.972191324	0.519404829
1.972747497	0.520709623
1.973339266	0.522675423
1.973859844	0.523868102
1.974416018	0.525051265
1.975041157	0.526735495
1.97559733	0.528050332
1.976084538	0.528949729
1.976640712	0.530030999
1.977232481	0.531755008
1.977753059	0.53272355
1.978309232	0.533525935
1.978934372	0.535372175
1.979457175	0.536897875
1.979977753	0.537973043
1.980498331	0.539127099
1.981054505	0.540428625
1.981577308	0.541538652
1.982166852	0.542968231
1.982794216	0.544801382
1.983452725	0.546990931
1.984080089	0.548898313
1.984496107	0.549098505
1.984983315	0.549194026
1.985470523	0.550265384
1.985991101	0.551071321
1.98651168	0.552034872
1.987067853	0.553231616
1.987695217	0.554960225
1.98825139	0.556440335
1.988807564	0.557776856
1.989468298	0.559497804
1.990057842	0.561501663
1.99054505	0.562033098
1.991170189	0.563661173
1.991795328	0.565697515
1.992318131	0.566759502
1.992805339	0.56748972
1.993325918	0.568256042
1.993917686	0.569562605
1.99447386	0.571063607
1.994994438	0.572022098
1.995550612	0.573155798
1.996175751	0.575001274
1.996767519	0.57704234
1.997150167	0.576909168
1.997739711	0.578463335
1.998367075	0.580536874
1.998923248	0.581852352
1.999408231	0.582646462
1.999931034	0.583669625
2.000520578	0.585201079
2.001112347	0.586417139
2.001704116	0.587600802
2.002329255	0.589085494
2.002885428	0.589843734
2.003406007	0.590221733
2.00392881	0.590659997
2.004449388	0.591269664
2.004936596	0.591796968
2.00542158	0.582367946
2.005977753	0.58283384
2.006569522	0.583707389
2.00716129	0.584700528
2.007717464	0.585021491
2.008307008	0.5857895
2.008967742	0.587062407
2.009523915	0.5877022
2.009942158	0.586843264
2.010567297	0.587364026
2.011159066	0.58820695
2.011715239	0.588343071
2.012271413	0.588538918
2.012827586	0.589066764
2.01331257	0.589148926
2.013799778	0.589072283
2.014355951	0.58921504
2.01498109	0.588487297
2.015572859	0.588626883
2.016093437	0.587894411
2.016685206	0.587913967
2.017241379	0.588269077
2.017761958	0.587781922
2.018318131	0.587417978
2.018874305	0.586907232
2.019397108	0.58697262
2.019953281	0.587527405
2.020542825	0.588198761
2.021239155	0.589494917
2.021933259	0.591158006
2.022246941	0.590502601
2.022698554	0.590354242
2.023254727	0.591591086
2.023846496	0.593166069
2.02440267	0.594177157
2.024923248	0.595225006
2.025479422	0.596404058
2.026035595	0.597683916
2.026627364	0.599228941
2.027252503	0.601125704
2.027877642	0.603043591
2.028400445	0.603995287
2.028956618	0.60506443
2.029581758	0.606891101
2.030137931	0.608490507
2.030694105	0.609581609
2.031214683	0.610126493
2.031701891	0.610400174
2.032189099	0.610586771
2.032745273	0.611699327
2.033334816	0.612909653
2.03396218	0.614937117
2.034587319	0.617092556
2.035003337	0.617319426
2.035490545	0.617950656
2.036115684	0.619752386
2.036671858	0.621654987
2.037194661	0.623172002
2.037750834	0.624720109
2.038340378	0.626743161
2.038896552	0.628730086
2.039523915	0.630800567
2.040149055	0.633255108
2.040705228	0.63521161
2.041121246	0.635516161
2.041644049	0.636769956
2.042200222	0.638641021
2.042756396	0.640196308
2.04331257	0.642156759
2.043868743	0.643828275
2.044389321	0.645307286
2.04498109	0.646998364
2.045537264	0.648544073
2.046162403	0.650389172
2.046823137	0.652982561
2.047412681	0.654892833
2.047795328	0.654940923
2.048318131	0.655716232
2.048907675	0.657560824
2.049499444	0.659555818
2.050055617	0.660857363
2.050542825	0.661629946
2.051027809	0.662652431
2.051583982	0.664165311
2.052211346	0.6662368
2.052836485	0.668545712
2.053428254	0.670546969
2.053984427	0.671995583
2.054573971	0.67391668
2.055130145	0.675875249
2.055652948	0.677233838
2.056209121	0.678699003
2.056798665	0.680827224
2.057321468	0.682377915
2.057877642	0.684001491
2.058467186	0.685969678
2.059092325	0.6882768
2.059684093	0.690431329
2.060135706	0.691649635
2.060518354	0.691166378
2.061074527	0.692583514
2.061699666	0.695044653
2.062222469	0.691976084
2.062743048	0.692899233
2.063299221	0.693773475
2.063855395	0.695104219
2.064447164	0.69634544
2.065072303	0.698000436
2.065664071	0.699658631
2.066149055	0.700456741
2.066705228	0.701224766
2.067332592	0.70326523
2.067888765	0.704873248
2.068409344	0.705869451
2.068896552	0.706554384
2.069381535	0.707402628
2.069904338	0.708591873
2.070493882	0.710419193
2.071121246	0.712561049
2.07178198	0.714961612
2.072440489	0.717574714
2.072963293	0.719390011
2.073414905	0.719717723
2.073971079	0.721361137
2.074562848	0.723578882
2.075083426	0.725232123
2.0756396	0.726912261
2.076195773	0.728709623
2.076787542	0.730698479
2.077377086	0.732427169
2.077933259	0.734624739
2.078384872	0.735538546
2.07887208	0.736273281
2.079497219	0.738854367
2.080088988	0.741479869
2.080609566	0.743038078
2.081096774	0.744482062
2.081652948	0.746061222
2.082173526	0.747710758
2.0827297	0.749834136
2.083285873	0.751855461
2.083913237	0.75465279
2.084607341	0.758094795
2.085268076	0.760990208
2.085686318	0.762243632
2.086171301	0.763157202
2.086798665	0.765754668
2.087319244	0.767852934
2.087770857	0.769100299
2.08832703	0.770999795
2.088883204	0.773237829
2.089439377	0.77534599
2.090064516	0.777908271
2.09069188	0.780790013
2.091143493	0.782427937
2.091699666	0.784278186
2.0923604	0.787390243
2.092949944	0.790339144
2.093506118	0.792544926
2.093993326	0.793951972
2.094513904	0.79551044
2.095036707	0.797685491
2.095626251	0.79985244
2.09621802	0.802353239
2.096809789	0.804571739
2.097399333	0.807067251
2.097955506	0.809516561
2.098338154	0.809947998
2.098858732	0.811367458
2.099486096	0.814477127
2.100042269	0.816951191
2.100598443	0.819059208
2.101187987	0.821486236
2.10174416	0.823887549
2.102335929	0.826470445
2.102961068	0.829643587
2.103586207	0.832742139
2.104040044	0.834108624
2.104629588	0.836487551
2.105290323	0.839548842
2.105777531	0.841396333
2.106229143	0.842174286
2.106716352	0.843501835
2.10723693	0.845322909
2.107793103	0.847416343
2.108349277	0.84969854
2.108941046	0.852350994
2.109566185	0.85517142
2.110191324	0.857951602
2.110714127	0.860392164
2.11116574	0.86093142
2.111721913	0.863282806
2.112347052	0.86660424
2.112938821	0.869119188
2.113494994	0.871404606
2.114084538	0.873948976
2.114640712	0.87630641
2.11512792	0.877785113
2.115648498	0.879459721
2.116204672	0.88173624
2.116727475	0.883525099
2.117283648	0.885538212
2.117873192	0.888292804
2.118429366	0.89064343
2.118952169	0.892345043
2.119508343	0.894536887
2.120097887	0.897338318
2.120689655	0.899827319
2.121281424	0.902331564
2.121870968	0.905172085
2.122496107	0.907854238
2.123087875	0.910425456
2.123539488	0.911908003
2.124062291	0.913309609
2.12458287	0.91549576
2.125139043	0.917579073
2.125626251	0.919058555
2.12614683	0.920728401
2.126738598	0.923306754
2.127294772	0.92561127
2.127884316	0.927791035
2.12851168	0.930493916
2.129067853	0.933251304
2.129552836	0.934629983
2.13010901	0.936820417
2.130769744	0.940168477
2.131292547	0.942522334
2.131813126	0.944271485
2.132333704	0.945936972
2.132889878	0.947914471
2.133412681	0.94992024
2.133897664	0.951368005
2.134453838	0.95327056
2.135081201	0.956065059
2.135670745	0.958752472
2.136088988	0.959912608
2.136645161	0.961663775
2.137305895	0.965288866
2.137862069	0.968276255
2.138418242	0.969995367
2.138974416	0.972307923
2.13953059	0.97491091
2.140120133	0.977382112
2.140676307	0.97940145
2.141303671	0.982323135
2.14192881	0.985111096
2.142380423	0.985990163
2.142867631	0.987006071
2.143423804	0.988619763
2.143944383	0.990444028
2.144431591	0.992083851
2.144987764	0.994138349
2.145543938	0.996448565
2.146133482	0.999001915
2.14672525	1.001522148
2.147281424	1.003899479
2.147942158	1.007077938
2.148498331	1.01013104
2.148949944	1.010151975
2.149541713	1.012486417
2.150166852	1.015625026
2.150758621	1.018040021
2.151348165	1.020327399
2.151870968	1.022101479
2.152355951	1.023538816
2.152912125	1.025252049
2.153503893	1.02788517
2.154164627	1.031547393
2.154754171	1.03463017
2.155310345	1.036539545
2.155902113	1.039092731
2.156422692	1.041378037
2.156945495	1.042804485
2.157466073	1.044557796
2.157988877	1.046348502
2.158509455	1.048252795
2.159065628	1.050474323
2.159586207	1.052508536
2.160213571	1.055229935
2.16083871	1.057901753
2.161221357	1.058595256
2.16167297	1.05890203
2.162229143	1.060879126
2.162785317	1.063377902
2.163341491	1.065656603
2.163897664	1.068057679
2.164453838	1.070574086
2.165043382	1.07308676
2.16563515	1.075723191
2.166295884	1.078509568
2.166956618	1.081997951
2.167443826	1.083664001
2.168	1.085300853
2.168625139	1.088110383
2.169214683	1.090653009
2.169770857	1.092163704
2.17029366	1.093457762
2.170745273	1.094165053
2.171232481	1.095277249
2.171788654	1.097248509
2.172413793	1.100151285
2.173038932	1.103421124
2.173699666	1.106646252
2.174082314	1.107170951
2.174569522	1.108394614
2.175230256	1.111723506
2.1758198	1.11476653
2.176342603	1.11656351
2.176863181	1.118417528
2.17738376	1.120372859
2.177906563	1.122143356
2.178496107	1.124337056
2.179156841	1.127510248
2.17974861	1.130031024
2.180164627	1.130160398
2.18068743	1.122310143
2.181276974	1.119080679
2.181833148	1.119977771
2.182389321	1.121969415
2.182945495	1.123990732
2.183468298	1.126197394
2.184057842	1.128518716
2.184614016	1.131299468
2.185241379	1.134507687
2.185899889	1.138714404
2.186527253	1.142892744
2.1869099	1.143489514
2.187430478	1.144764678
2.187986652	1.147495228
2.18857842	1.150455086
2.189063404	1.152154216
2.189550612	1.153631258
2.190106785	1.155925453
2.190662959	1.158647013
2.191288098	1.161811142
2.191915462	1.165252824
2.192471635	1.168094228
2.193027809	1.170199052
2.193617353	1.17278573
2.194140156	1.17533064
2.194625139	1.176987615
2.195147942	1.178636551
2.195704116	1.181310835
2.196260289	1.183515418
2.196816463	1.185836909
2.197406007	1.188583383
2.198066741	1.191797535
2.198658509	1.194446481
2.199145717	1.196176513
2.199561735	1.196170618
2.200117909	1.198229374
2.200743048	1.201393777
2.201299221	1.203745086
2.201822024	1.205926626
2.202411568	1.208254653
2.203003337	1.210490506
2.203628476	1.213370884
2.204253615	1.216652611
2.204809789	1.219010552
2.205263626	1.219348766
2.2058198	1.2209078
2.206444939	1.223917666
2.206965517	1.225276593
2.207452725	1.226238838
2.207939933	1.227128555
2.208460512	1.228350355
2.209016685	1.229978606
2.209572859	1.231942798
2.210164627	1.234299514
2.210789766	1.237113539
2.211450501	1.24035013
2.211971079	1.242480834
2.212389321	1.242183017
2.212978865	1.243930196
2.213570634	1.246540994
2.214091212	1.248309461
2.214647386	1.250076797
2.21520356	1.251844864
2.215759733	1.253657515
2.216387097	1.25594991
2.217012236	1.258732121
2.217463849	1.259705363
2.217951057	1.259850446
2.218576196	1.262137574
2.219201335	1.265099265
2.219724138	1.266715276
2.220244716	1.267642199
2.220765295	1.268547441
2.221288098	1.269703366
2.221844271	1.271311198
2.222433815	1.273041424
2.223061179	1.27541739
2.223755284	1.278837795
2.224380423	1.281596648
2.22476307	1.281061226
2.225214683	1.280565232
2.225770857	1.282030657
2.22629366	1.282757727
2.226778643	1.283330982
2.227334816	1.284533178
2.22789099	1.286176757
2.228482759	1.287988587
2.229107898	1.290019038
2.229735261	1.292434182
2.230186874	1.29304907
2.230707453	1.293807114
2.231332592	1.296009791
2.23192436	1.298297162
2.232516129	1.300003784
2.233001112	1.30097122
2.233523915	1.301828382
2.234044494	1.302942433
2.234600667	1.304394594
2.235192436	1.306104052
2.23574861	1.307483663
2.236338154	1.309185782
2.236965517	1.311353519
2.237381535	1.311287422
2.237937709	1.311893908
2.238529477	1.313953924
2.239119021	1.315570375
2.239641824	1.316645873
2.240197998	1.317689632
2.240787542	1.319588634
2.24137931	1.32143801
2.242040044	1.323920541
2.242629588	1.325940535
2.243083426	1.325483747
2.24367297	1.326076357
2.244264739	1.327928928
2.244751947	1.327876594
2.24520356	1.32717354
2.245724138	1.327096053
2.246244716	1.327396275
2.246836485	1.328220313
2.247392659	1.329238539
2.248017798	1.330587119
2.248645161	1.331974648
2.2492703	1.333687887
2.249790879	1.334768372
2.250209121	1.333361257
2.250798665	1.334148643
2.251390434	1.336281783
2.251946607	1.337347303
2.252433815	1.337993277
2.253023359	1.339398814
2.253615128	1.341140752
2.254102336	1.341713241
2.254658509	1.342602093
2.255248053	1.344418692
2.255770857	1.345556301
2.2563604	1.347076504
2.256987764	1.349639883
2.257543938	1.351893752
2.258064516	1.352816275
2.25862069	1.354311743
2.259141268	1.35602489
2.259664071	1.357404597
2.260220245	1.359170187
2.260845384	1.361186813
2.261470523	1.36386827
2.262166852	1.367183513
2.26258287	1.36792753
2.263070078	1.368274345
2.263626251	1.369865055
2.264113459	1.370899279
2.264634038	1.371886806
2.265154616	1.373233296
2.265746385	1.375542741
2.266266963	1.377682838
2.266858732	1.380031615
2.267519466	1.383163971
2.268144605	1.3863435
2.268631813	1.38774884
2.269223582	1.3897651
2.269813126	1.393038729
2.270369299	1.395244866
2.270892102	1.39707931
2.271448276	1.39897996
2.272004449	1.400926339
2.272525028	1.402859028
2.273045606	1.404177619
2.27360178	1.406133658
2.274229143	1.409327364
2.274854283	1.413144065
2.2752703	1.413289916
2.275826474	1.415144324
2.276418242	1.41841832
2.276974416	1.420943041
2.277494994	1.422762927
2.278051168	1.424786105
2.278607341	1.427005525
2.279163515	1.429496512
2.279755284	1.432033465
2.280416018	1.4362247
2.281005562	1.439312251
2.281459399	1.440012537
2.281944383	1.440725126
2.282467186	1.442410433
2.282987764	1.444117547
2.283543938	1.446156664
2.284100111	1.448475377
2.28469188	1.451390418
2.285317019	1.454508934
2.285873192	1.456959118
2.286498331	1.460163324
2.287159066	1.462999524
2.287646274	1.464963776
2.288097887	1.464928432
2.288689655	1.467481587
2.289245829	1.469846878
2.289766407	1.471419838
2.290286986	1.473310667
2.290809789	1.475188522
2.291330367	1.476710406
2.291886541	1.478656476
2.292478309	1.481011972
2.293103448	1.483707768
2.293659622	1.486314726
2.29414683	1.487712607
2.294736374	1.4899873
2.295328142	1.492885273
2.295884316	1.495026739
2.296476085	1.497677092
2.297032258	1.500062896
2.297552836	1.501842834
2.29810901	1.503783165
2.298665184	1.505928987
2.299290323	1.508856609
2.299915462	1.511937332
2.300264739	1.511688913
2.300749722	1.511666113
2.301341491	1.513732606
2.30196663	1.515791563
2.302489433	1.516948493
2.303045606	1.518104999
2.30360178	1.519436659
2.304157953	1.521247623
2.304747497	1.523659131
2.305374861	1.526841963
2.306	1.53024542
2.306487208	1.53221212
2.307007786	1.533760325
2.307599555	1.535896889
2.308155729	1.538353249
2.308711902	1.540376524
2.309232481	1.5421483
2.309684093	1.543150829
2.310204672	1.544405485
2.310760845	1.546522824
2.311352614	1.548885958
2.311977753	1.551791086
2.312638487	1.555171575
2.3130901	1.556238277
2.313646274	1.557688568
2.314307008	1.561301563
2.314863181	1.564555519
2.315385984	1.566130892
2.315942158	1.56782872
2.316462736	1.569495424
2.31701891	1.569367813
2.317644049	1.571350834
2.318269188	1.573992352
2.318756396	1.572755145
2.319174638	1.571394046
2.319730812	1.572054014
2.320286986	1.573594306
2.320843159	1.574775341
2.321399333	1.576010363
2.321955506	1.576901127
2.32251168	1.5782135
2.323101224	1.579939829
2.323657397	1.581552136
2.324249166	1.583541958
2.3249099	1.586369536
2.325535039	1.589527013
2.325953281	1.588585284
2.326438265	1.588924193
2.327065628	1.590696005
2.327586207	1.591996234
2.328002225	1.591750908
2.328489433	1.591968819
2.329081201	1.593518148
2.329670745	1.595420034
2.330262514	1.597677793
2.330887653	1.600220818
2.331443826	1.602317655
2.332	1.603338367
2.332591769	1.605353361
2.333216908	1.608007879
2.333739711	1.60906872
2.334260289	1.610274639
2.334852058	1.612562122
2.335441602	1.614348271
2.335997775	1.616096618
2.336589544	1.617708402
2.337110122	1.619356273
2.337701891	1.620830457
2.338258065	1.622565868
2.338674082	1.621327087
2.339265851	1.622045997
2.33985762	1.624046315
2.340378198	1.6246238
2.340898776	1.624792125
2.34142158	1.624568009
2.341977753	1.625123861
2.342567297	1.626359775
2.343194661	1.628032032
2.343784205	1.629415789
2.344235818	1.628716755
2.344791991	1.628755111
2.345419355	1.630181195
2.345975528	1.631055292
2.346427141	1.62996833
2.346912125	1.629438165
2.347503893	1.629508306
2.348060067	1.630072516
2.348685206	1.630893875
2.34931257	1.632057966
2.349971079	1.633623928
2.350598443	1.634858693
2.351050056	1.634327466
2.351466073	1.63205696
2.352022247	1.631884365
