1	3.7968E-05
1.000069812	0.000151882
1.008938183	0.000298797
1.009570994	0.00031815
1.010097962	0.000157241
1.010627182	0.000395226
1.011190181	5.75893E-05
1.011753181	0.000422556
1.012349961	0.000399743
1.01291296	0.000407657
1.013548024	0.000404065
1.014180835	0.00036196
1.014743835	0.000574064
1.015095147	0.00049718
1.015658147	0.000362487
1.01632699	0.000401314
1.016853958	0.000582979
1.017383178	0.00067599
1.017946177	0.000529496
1.018509177	0.000398308
1.019105957	0.000626833
1.019704988	0.000557512
1.020267988	0.00043386
1.020794956	0.000387575
1.021357955	0.000473102
1.022062831	0.000655815
1.02265961	0.000679495
1.023152798	0.000675938
1.023645986	0.000617966
1.024139174	0.00067659
1.024666141	0.000599129
1.025229141	0.000509929
1.025792141	0.000802313
1.026424952	0.000767734
1.027093796	0.000881325
1.027656795	0.000593074
1.028044139	0.00087043
1.028607139	0.000870907
1.02923995	0.000812826
1.02980295	0.000676422
1.03033217	0.000864544
1.030895169	0.000767164
1.031458169	0.000896818
1.032054949	0.000619123
1.032723792	0.000729314
1.03321698	0.001094493
1.033638104	0.000977204
1.034306947	0.001158481
1.034975791	0.000754482
1.035538791	0.001037977
1.03606801	0.001050309
1.036594978	0.000995742
1.037157978	0.001047476
1.037720977	0.001154425
1.038320009	0.001056534
1.038916789	0.001139977
1.0395496	0.000963058
1.040148632	0.001093938
1.040572008	0.001426253
1.040993131	0.001213399
1.041661975	0.001261638
1.042188943	0.001274147
1.04268213	0.000989713
1.043209098	0.001017939
1.043772098	0.001030378
1.044371129	0.001431461
1.044970161	0.001348963
1.045602973	0.001155253
1.04609616	0.001092249
1.04665916	0.001470362
1.047361784	0.001574742
1.047994595	0.001591609
1.048523815	0.001325684
1.049017003	0.001318341
1.049507938	0.00189675
1.050070938	0.001538946
1.050633938	0.001384198
1.051269001	0.001025804
1.051832001	0.001617405
1.052395001	0.001610279
1.05299178	0.001395301
1.053379124	0.001215838
1.053906092	0.001616593
1.054541155	0.001689637
1.055137935	0.001514323
1.055667155	0.001314674
1.056230154	0.001832703
1.056793154	0.00184973
1.057356154	0.001690133
1.057952933	0.001542464
1.058551965	0.001523242
1.059045153	0.001998427
1.059608152	0.001927073
1.060380588	0.001711071
1.060979619	0.001780519
1.061402995	0.001636152
1.061893931	0.001878817
1.062423151	0.001601421
1.06301993	0.001711294
1.06358293	0.001615283
1.064217993	0.001911213
1.064884585	0.002005403
1.065519649	0.00186905
1.066010584	0.001975144
1.066397928	0.001988008
1.066960928	0.002175405
1.067595991	0.001819997
1.068158991	0.001849346
1.068685959	0.001631149
1.06928499	0.00199745
1.06988177	0.001998565
1.07041099	0.002296235
1.070937957	0.001902951
1.071500957	0.001989385
1.072027925	0.002287493
1.072557144	0.002264189
1.073153924	0.002277672
1.073752956	0.002221868
1.074279923	0.002239274
1.074842923	0.002301662
1.075441955	0.002102866
1.075968922	0.002001765
1.076531922	0.002109085
1.077094922	0.002363737
1.077729985	0.002672025
1.078362797	0.002468878
1.078855985	0.002187369
1.079382952	0.002430231
1.080015764	0.002554674
1.080508952	0.002650198
1.081002139	0.002647303
1.081493075	0.002209141
1.082022295	0.002296494
1.082619074	0.002412855
1.083182074	0.002845935
1.083817138	0.002645967
1.084449949	0.002742213
1.084943137	0.002401557
1.085506137	0.002794341
1.08617498	0.002833178
1.08673798	0.003164737
1.087264948	0.002736946
1.087791915	0.002725883
1.088354915	0.002541342
1.088917915	0.002844467
1.089411102	0.002849892
1.08993807	0.003029216
1.090573134	0.003006137
1.091275757	0.002925207
1.091663101	0.003241252
1.092226101	0.002907019
1.092894944	0.002863155
1.093457944	0.003059757
1.094020944	0.003023948
1.094547911	0.003353711
1.095110911	0.002931329
1.095709943	0.002932933
1.096272942	0.003142556
1.096941786	0.003177792
1.097538565	0.003437883
1.098031753	0.003285175
1.098560973	0.003261732
1.099087941	0.003138106
1.099581128	0.003406707
1.100072064	0.003232805
1.100635064	0.003522802
1.101234095	0.003215314
1.101797095	0.003405206
1.102429907	0.003390419
1.103028938	0.003488585
1.103731562	0.003503379
1.104260781	0.003668572
1.104717937	0.003552648
1.105350749	0.003802294
1.10594978	0.003342457
1.106476748	0.00350369
1.107039748	0.00360635
1.107602747	0.003418944
1.108131967	0.003992777
1.108622903	0.003527323
1.109185902	0.003743893
1.109820966	0.003729182
1.110453778	0.003832496
1.110910933	0.003985919
1.111543745	0.003945986
1.112142777	0.00381299
1.112669744	0.004097844
1.113198964	0.003901143
1.113761964	0.00389043
1.114288931	0.004053038
1.114815899	0.003944904
1.115345119	0.004166983
1.116013962	0.004127109
1.116680554	0.003921824
1.11710393	0.004241417
1.117561085	0.004069183
1.118160117	0.004330335
1.118756897	0.004060794
1.119286116	0.004300699
1.119849116	0.004358136
1.120376084	0.004245333
1.120975115	0.004443384
1.121538115	0.00441155
1.122134895	0.004239216
1.122769958	0.004518705
1.123296926	0.004465382
1.123823894	0.00446321
1.124422925	0.004593665
1.125021957	0.004408167
1.125584957	0.004696706
1.126111924	0.004544982
1.126605112	0.004606858
1.127096048	0.00477576
1.127625267	0.004623873
1.128222047	0.004741978
1.128890891	0.004830513
1.129595766	0.00449471
1.130052922	0.004831195
1.13054611	0.004648728
1.131214953	0.004853343
1.131811733	0.004830119
1.132340953	0.004767889
1.13286792	0.004976569
1.13343092	0.004948918
1.13399392	0.004972904
1.134662763	0.005092155
1.135295575	0.00486654
1.135858574	0.005183774
1.136209886	0.005241459
1.136739106	0.004976311
1.137302106	0.005388995
1.137865105	0.005322539
1.138461885	0.005182688
1.139024885	0.00525012
1.139587884	0.005183487
1.140150884	0.005285613
1.140785948	0.005513786
1.141418759	0.005261155
1.142051571	0.00546787
1.14261457	0.005379462
1.143001914	0.005615632
1.143495102	0.005587663
1.144127914	0.005599444
1.144726945	0.005589336
1.145253913	0.005652786
1.145711069	0.005568041
1.146274068	0.00567523
1.1468731	0.005678195
1.14746988	0.005493811
1.148104943	0.005767118
1.148667943	0.00571761
1.14919491	0.005907854
1.149827722	0.005793234
1.150426754	0.005748205
1.150919941	0.00595168
1.151446909	0.005915059
1.152045941	0.005966251
1.15264272	0.006161901
1.15317194	0.00579257
1.153698908	0.00619383
1.154331719	0.006170931
1.154894719	0.006038008
1.155423939	0.006457532
1.155809031	0.006183216
1.15637203	0.006102809
1.157040874	0.006264488
1.157603873	0.006157657
1.158133093	0.006534234
1.158660061	0.006326045
1.159259092	0.006452557
1.159855872	0.006526339
1.160454904	0.006225694
1.161053935	0.006581571
1.161544871	0.006438819
1.162074091	0.006463813
1.162706902	0.006613014
1.163305934	0.006466249
1.163868934	0.00663288
1.164359869	0.006816932
1.164853057	0.006656179
1.165416057	0.006770018
1.166015088	0.006614121
1.166578088	0.006829919
1.1672109	0.007041912
1.167879743	0.006881882
1.168442743	0.006743237
1.168863867	0.007003067
1.169426866	0.006771116
1.17006193	0.007045785
1.17062493	0.007058065
1.171151897	0.006816678
1.171750929	0.007087098
1.172313929	0.006916913
1.17294674	0.007272469
1.17350974	0.007280415
1.174002928	0.007136379
1.174460083	0.007313066
1.175092895	0.007067157
1.175725707	0.007441474
1.176254926	0.007453756
1.176745862	0.007291556
1.17723905	0.007629842
1.177802049	0.0074412
1.178365049	0.00754766
1.178964081	0.007708167
1.179596892	0.007528678
1.180265736	0.007792858
1.180898547	0.007545953
1.181355703	0.007773142
1.181812859	0.007614615
1.182481703	0.007695248
1.183080734	0.008062992
1.18353789	0.007616742
1.184064858	0.007961803
1.184627857	0.00798358
1.185190857	0.007811877
1.185789889	0.008216521
1.1864227	0.007901079
1.186915888	0.008183765
1.187478888	0.008196664
1.188147731	0.008169703
1.188780543	0.008381678
1.18930751	0.008064789
1.189800698	0.008370801
1.190293886	0.00818446
1.190787074	0.008291838
1.191314041	0.008562375
1.191913073	0.008263475
1.192509852	0.008516637
1.193072852	0.008303225
1.193635852	0.008474827
1.194093008	0.008605017
1.194586195	0.008377255
1.195219007	0.008712967
1.195818039	0.008576586
1.196381038	0.008639675
1.196908006	0.008807079
1.197507037	0.008634166
1.198106069	0.009020599
1.198738881	0.008879719
1.199371692	0.008957267
1.199828848	0.008974348
1.200391848	0.008896521
1.201096723	0.009239209
1.201693503	0.008901606
1.202152911	0.009251898
1.202610066	0.009132132
1.203137034	0.009058477
1.203700034	0.009295796
1.204263033	0.009222414
1.204862065	0.009268173
1.205494877	0.009419506
1.20616372	0.009278186
1.20672672	0.009401641
1.207114064	0.009468823
1.207677063	0.009564945
1.208345907	0.009506013
1.208942687	0.00961628
1.209505686	0.009648312
1.210104718	0.0095612
1.210631686	0.009822769
1.211194685	0.00968018
1.211687873	0.009780733
1.212250873	0.009960179
1.21274406	0.009706377
1.213271028	0.010033052
1.21390384	0.00988619
1.214502871	0.009927958
1.215029839	0.010066049
1.215559059	0.009918131
1.216155838	0.01014464
1.216718838	0.009996889
1.21731787	0.01024215
1.217916901	0.010154706
1.218549713	0.010391312
1.219182524	0.010345789
1.21963968	0.010280208
1.220132868	0.010534525
1.2207319	0.010298684
1.221258867	0.010595252
1.221716023	0.010511085
1.222242991	0.010510978
1.222842022	0.010627559
1.223405022	0.010520971
1.224004054	0.010679484
1.224636865	0.010698954
1.225235897	0.010746055
1.225693053	0.010624415
1.226256052	0.010997106
1.226888864	0.010760553
1.227451864	0.010979868
1.228050895	0.011003877
1.228613895	0.010882973
1.229176894	0.01129865
1.229739894	0.011005004
1.230302894	0.011210905
1.230829862	0.011173648
1.231498705	0.011240504
1.232095485	0.011334834
1.232449049	0.011370842
1.233012048	0.011310495
1.233680892	0.011410311
1.234243891	0.011387401
1.234734827	0.011448187
1.235264047	0.011490615
1.235827047	0.011434853
1.236423826	0.011689181
1.237022858	0.011511672
1.237691701	0.011804551
1.238288481	0.011753825
1.238747889	0.011739372
1.239310888	0.01193763
1.239873888	0.011886562
1.240331044	0.011914491
1.240858011	0.012013779
1.241421011	0.011972096
1.242020043	0.011977873
1.242652854	0.012149109
1.243285666	0.011886227
1.243884698	0.01224144
1.244517509	0.012167339
1.245010697	0.01220525
1.245431821	0.012327595
1.246030852	0.012219982
1.246663664	0.012363455
1.247192884	0.012439733
1.247719851	0.012520787
1.248282851	0.012597529
1.248809819	0.012588622
1.249303006	0.01258885
1.249902038	0.012737255
1.250498818	0.012638883
1.251133881	0.012811563
1.251591037	0.012725955
1.252187817	0.012827109
1.252786848	0.012828489
1.253313816	0.012838644
1.253876816	0.012944386
1.254475847	0.012936281
1.255002815	0.01304178
1.255565815	0.013123905
1.256164846	0.013115858
1.25686747	0.013280672
1.257536313	0.013244768
1.257923657	0.013353922
1.258380813	0.013425664
1.258943813	0.013359971
1.259542844	0.01351936
1.260069812	0.013410194
1.260563	0.013535096
1.261125999	0.0135986
1.261652967	0.013580331
1.262251999	0.013644289
1.26285103	0.013645969
1.26344781	0.013743562
1.26401081	0.013749686
1.264540029	0.013813057
1.265172841	0.013839184
1.265805653	0.013908584
1.266368652	0.013986893
1.266897872	0.014011979
1.26742484	0.014094801
1.267881995	0.014066188
1.268408963	0.014230959
1.269007995	0.014175043
1.269640806	0.014264062
1.27030965	0.014353569
1.270802838	0.014325367
1.271296025	0.01441781
1.271928837	0.014497425
1.272491837	0.014431371
1.273018804	0.014592016
1.273548024	0.01450621
1.274111024	0.014662586
1.274674023	0.014669065
1.275306835	0.014729611
1.275975678	0.01480516
1.276572458	0.014807238
1.276959802	0.014879608
1.27745299	0.015030862
1.278052021	0.015003942
1.278615021	0.015025116
1.2792118	0.01512441
1.27974102	0.01511609
1.28030402	0.015142184
1.280867019	0.015246107
1.281463799	0.015194825
1.282098863	0.015343523
1.282731674	0.015365707
1.283328454	0.015484924
1.28375183	0.015465662
1.284245017	0.015495984
1.284877829	0.015606066
1.285546673	0.015663
1.28603986	0.015708071
1.286497016	0.01571854
1.287023984	0.015773844
1.287586983	0.015829631
1.288255827	0.015881875
1.288924671	0.015904802
1.289451638	0.015945575
1.289980858	0.015961915
1.29061367	0.016111851
1.291210449	0.016060472
1.291703637	0.016199023
1.292196825	0.016175771
1.292795856	0.016266714
1.293358856	0.016313083
1.293921856	0.01638405
1.294518635	0.016426012
1.295151447	0.016522555
1.295714447	0.016534657
1.296207634	0.016609851
1.296558946	0.01660943
1.297088166	0.016690081
1.297757009	0.016733178
1.298320009	0.016745367
1.298846977	0.016826135
1.299409976	0.016843296
1.299972976	0.016964116
1.300605788	0.016952621
1.301204819	0.017024655
1.301837631	0.017087305
1.302330819	0.017143225
1.302893818	0.017205051
1.303596442	0.017288572
1.304195473	0.017321275
1.304652629	0.017337254
1.305109785	0.017417658
1.305602973	0.017453982
1.306202004	0.01746695
1.306765004	0.017598516
1.307361784	0.017611517
1.307996847	0.017684633
1.308629659	0.017742875
1.309156627	0.01767049
1.30954397	0.017760243
1.310070938	0.017817131
1.310706002	0.017875532
1.311302781	0.017923501
1.311865781	0.017946139
1.312464813	0.017999183
1.313063844	0.018067223
1.313696656	0.018155736
1.314293435	0.018248815
1.314752843	0.018235227
1.315173967	0.018300989
1.31584281	0.018385236
1.316545434	0.018470033
1.317108434	0.018542941
1.317601621	0.018509864
1.318130841	0.018607382
1.318657809	0.018594794
1.319220808	0.018667848
1.319747776	0.018715392
1.320310776	0.018733401
1.320945839	0.018767489
1.321578651	0.018831675
1.322071839	0.018908978
1.322562774	0.018961193
1.323197838	0.019020537
1.323724806	0.019078371
1.324217993	0.019155868
1.324744961	0.019203729
1.325307961	0.019257178
1.32587096	0.019280461
1.326469992	0.019344571
1.327102804	0.019424342
1.327629771	0.019542952
1.328192771	0.019520982
1.328827835	0.019616085
1.329424614	0.019599657
1.329987614	0.019708951
1.330480802	0.019741518
1.330973989	0.019743782
1.331536989	0.019827967
1.332133769	0.019872259
1.3327328	0.019946977
1.333331832	0.019966067
1.333894832	0.020020078
1.334457831	0.020038662
1.334878955	0.020105805
1.335405923	0.020199936
1.336074766	0.020235418
1.336637766	0.020325143
1.337200766	0.020379398
1.337763765	0.020393058
1.338326765	0.02051343
1.338889765	0.020562727
1.339558608	0.020628946
1.34019142	0.020648868
1.340684608	0.020661557
1.341247607	0.020756805
1.341916451	0.020823201
1.342443419	0.020821184
1.342902826	0.020894593
1.343359982	0.020906806
1.34388695	0.020971135
1.344449949	0.021030966
1.344976917	0.021105595
1.345611981	0.021151324
1.346244792	0.021237942
1.346913636	0.021335431
1.347476636	0.021400626
1.347863979	0.021411895
1.348460759	0.021477694
1.349095823	0.02151342
1.349658822	0.021573642
1.350221822	0.021603147
1.350818602	0.021653726
1.351381601	0.021734584
1.351910821	0.021799557
1.352437789	0.021828595
1.353000788	0.021817133
1.353527756	0.021846187
1.354090756	0.021911827
1.354689787	0.022003816
1.355216755	0.022032958
1.355745975	0.022098184
1.356272942	0.022168567
1.356871974	0.022250483
1.357398942	0.022372508
1.357961941	0.022381787
1.358524941	0.022478753
1.359157753	0.022520186
1.359792816	0.022618477
1.360355816	0.022627842
1.360846751	0.022646342
1.361409751	0.022722908
1.361902939	0.022756994
1.362429907	0.022796837
1.362959126	0.022852266
1.363555906	0.022862272
1.364154938	0.022944828
1.364753969	0.022985993
1.365456593	0.023085961
1.366125436	0.023159512
1.366618624	0.023141929
1.367181624	0.023286427
1.367814435	0.023349138
1.368341403	0.023425673
1.368834591	0.023444511
1.36939759	0.023521744
1.369996622	0.023578848
1.370559622	0.023671798
1.371052809	0.023732372
1.371579777	0.023757116
1.372212589	0.023820177
1.3728454	0.023857224
1.373232744	0.023879597
1.373795744	0.02395198
1.374430807	0.023994363
1.374993807	0.024040735
1.375520775	0.024138733
1.376047742	0.024195002
1.376610742	0.024272848
1.377173742	0.024298462
1.377772773	0.024366573
1.378441617	0.024488309
1.379074429	0.024562384
1.379567616	0.024607833
1.380060804	0.024653309
1.380623804	0.024710544
1.381114739	0.024756038
1.381643959	0.024823228
1.382206959	0.024880574
1.382769958	0.024895959
1.383332958	0.024969122
1.383929738	0.025016675
1.384492737	0.025068906
1.385161581	0.025112571
1.385724581	0.025154346
1.386147956	0.025251501
1.386744736	0.02532029
1.387343768	0.025362832
1.387870735	0.025414622
1.388433735	0.025535635
1.389032767	0.02562576
1.389559734	0.02565131
1.390088954	0.025703302
1.390651954	0.025761233
1.391284765	0.025831062
1.391917577	0.02587452
1.392410765	0.025968275
1.393009796	0.025947713
1.393572796	0.026042858
1.394099764	0.026126809
1.394626731	0.026104915
1.395189731	0.026200209
1.395752731	0.026284973
1.39631573	0.026337988
1.396914762	0.026439451
1.397583605	0.026483949
1.398286229	0.026576898
1.398639793	0.02661017
1.399096949	0.026709174
1.399693728	0.026768395
1.40029276	0.026795801
1.400855759	0.026881038
1.401382727	0.02689647
1.401875915	0.026964485
1.402438915	0.027028562
1.403037946	0.027093377
1.403634726	0.027136877
1.404233757	0.027196443
1.404796757	0.027260684
1.405323725	0.027356282
1.405922756	0.027394633
1.406485756	0.027469684
1.407012724	0.027586819
1.407575723	0.027651301
1.408104943	0.027688428
1.408595879	0.02776226
1.409125099	0.027804791
1.409721878	0.027870091
1.41032091	0.027972964
1.410989753	0.028013016
1.411516721	0.027991323
1.412009909	0.028043992
1.41264272	0.028163831
1.413277784	0.028240883
1.413840784	0.028359495
1.414367751	0.028375435
1.414894719	0.028450472
1.415457719	0.028542406
1.41605675	0.028645885
1.416725594	0.02874548
1.417358406	0.028817515
1.417745749	0.02887922
1.418238937	0.028900035
1.418835717	0.028939131
1.419398716	0.02897756
1.419961716	0.029005228
1.420524716	0.02909763
1.421053935	0.029135448
1.421650715	0.029190865
1.422213715	0.029299622
1.422848778	0.029388337
1.42351537	0.029477773
1.424184213	0.029556511
1.424537777	0.02963957
1.425028713	0.029720122
1.425627745	0.029759679
1.426226776	0.02985341
1.426789776	0.029924784
1.427246932	0.029977724
1.427773899	0.030048423
1.428336899	0.030092811
1.428969711	0.030176675
1.429604774	0.030222653
1.430167774	0.030288856
1.43065871	0.030353572
1.431257741	0.03037715
1.431856773	0.030525776
1.432419773	0.03057041
1.43294674	0.030636063
1.433545772	0.030708741
1.434108772	0.030840592
1.434671771	0.030918065
1.435234771	0.030962894
1.435867582	0.03111829
1.436500394	0.031153821
1.436993582	0.03126818
1.437344894	0.031319483
1.437871861	0.031352803
1.438540705	0.031432929
1.439103705	0.031472551
1.439666704	0.031539525
1.440229704	0.031540922
1.440828736	0.031608746
1.441427767	0.031720398
1.442060579	0.031800027
1.44269339	0.031852325
1.443150546	0.031939129
1.443713546	0.032072182
1.444312577	0.032123875
1.444875577	0.032240629
1.445368765	0.032312
1.445825921	0.032393583
1.446316856	0.032475971
1.446879856	0.03251608
1.447442856	0.032600176
1.448041887	0.032690638
1.448710731	0.032793745
1.449379574	0.032841904
1.449942574	0.032876681
1.450363698	0.032935791
1.450926697	0.032954085
1.451595541	0.033129107
1.452124761	0.033157725
1.452651728	0.033241458
1.453214728	0.033331587
1.453777728	0.033416257
1.454410539	0.033546767
1.455043351	0.033633181
1.455502759	0.033638274
1.455923882	0.033725397
1.456522914	0.033739273
1.457155726	0.033814789
1.457682693	0.033860225
1.458211913	0.03393342
1.458774913	0.034012986
1.45930188	0.034108383
1.459900912	0.034216614
1.460463912	0.034318531
1.461060691	0.034332554
1.461765567	0.034476768
1.462398379	0.034591637
1.462855534	0.034741305
1.46327891	0.034734692
1.463947754	0.034767244
1.464474721	0.034890965
1.464931877	0.034912981
1.465425065	0.034985938
1.465988064	0.035049474
1.466584844	0.035058173
1.467183876	0.035172764
1.467852719	0.035233383
1.468345907	0.035345571
1.468908907	0.035453935
1.469541718	0.035541743
1.47017453	0.035607286
1.47073753	0.035732603
1.471230717	0.035794859
1.471723905	0.035862737
1.472286905	0.035960305
1.472919716	0.036026093
1.473552528	0.036136682
1.47415156	0.03621294
1.474714559	0.036282762
1.475311339	0.036359061
1.475698683	0.036413431
1.476227902	0.036521773
1.476860714	0.036559858
1.477423714	0.036641109
1.477950681	0.036715905
1.478479901	0.036796414
1.479042901	0.036855351
1.47963968	0.036982579
1.480238712	0.037093094
1.480837743	0.037136218
1.481364711	0.037228175
1.481891679	0.037359574
1.482560522	0.037505902
1.483123522	0.037508883
1.483580678	0.037548609
1.484073866	0.037600534
1.484600833	0.037698436
1.485163833	0.037791677
1.485726833	0.03784549
1.486361896	0.037895527
1.486994708	0.03800764
1.487663551	0.038115109
1.488190519	0.038252918
1.488577863	0.038319393
1.489140863	0.038418695
1.489773674	0.03846896
1.490336674	0.038585351
1.490865893	0.038723584
1.491498705	0.038762672
1.492061705	0.03887361
1.492624704	0.038916614
1.493151672	0.038981376
1.493680892	0.039063247
1.494207859	0.039099721
1.494734827	0.039181613
1.495369891	0.039283424
1.49596667	0.039424059
1.49649589	0.039528916
1.49705889	0.039600627
1.497655669	0.039701708
1.498184889	0.039812438
1.498781669	0.039890893
1.499416732	0.039998884
1.500119356	0.040142931
1.5007882	0.040229208
1.501209323	0.040325993
1.501702511	0.040401959
1.502265511	0.040434218
1.50279473	0.04057399
1.503285666	0.040627198
1.503778854	0.040691913
1.504377885	0.040810935
1.504940885	0.040866206
1.505537665	0.040910992
1.506172728	0.041076934
1.50683932	0.041186652
1.507298728	0.041273607
1.507861727	0.041386349
1.508494539	0.041455265
1.509057539	0.041608247
1.509550726	0.041644771
1.510077694	0.041768244
1.510676726	0.041813492
1.511239725	0.041903667
1.511802725	0.042045558
1.512329693	0.04210615
1.512892692	0.042196499
1.513491724	0.042236193
1.513912848	0.042328417
1.514475847	0.042453411
1.515144691	0.042541192
1.515707691	0.042649077
1.516200878	0.042726278
1.516763878	0.042805491
1.517326878	0.042925077
1.517889877	0.043056267
1.518522689	0.043177997
1.519225312	0.043353716
1.519860376	0.043487251
1.520317532	0.04354651
1.520844499	0.043677091
1.521407499	0.043704812
1.521900687	0.043782542
1.522393875	0.043883433
1.522920842	0.043956446
1.523519874	0.044048934
1.524082874	0.044175158
1.524609841	0.044254107
1.525208873	0.044312031
1.525877716	0.044499473
1.526474496	0.044609608
1.526897872	0.044720536
1.527494652	0.044813409
1.528129715	0.04494808
1.528692715	0.045138764
1.529219682	0.045223998
1.529782682	0.045321964
1.530345682	0.045390937
1.530872649	0.045487941
1.531435649	0.04563259
1.532034681	0.045708608
1.532633712	0.045871957
1.533124648	0.045933219
1.53372368	0.046044338
1.534322711	0.04615553
1.534849679	0.046258795
1.535412679	0.04632823
1.535975678	0.046461853
1.536502646	0.046606137
1.537065646	0.046728261
1.537628645	0.046832947
1.538297489	0.046970131
1.538966333	0.047101573
1.539389708	0.047243115
1.539810832	0.047308657
1.540409864	0.047385547
1.540972863	0.047525732
1.541535863	0.047689418
1.542098863	0.047788806
1.542661862	0.047858968
1.543224862	0.047987761
1.543857674	0.048083641
1.544490485	0.048273409
1.545123297	0.048469183
1.545616485	0.048525733
1.546109672	0.048652752
1.546708704	0.048742073
1.547305484	0.048937123
1.547868483	0.049090099
1.548397703	0.049171552
1.548924671	0.049300024
1.549381826	0.049426346
1.549908794	0.049519658
1.550471794	0.049643608
1.551070825	0.049804127
1.551739669	0.049972894
1.552266637	0.050060589
1.552829636	0.050178974
1.55349848	0.050348045
1.554097512	0.050491372
1.554624479	0.050597031
1.555153699	0.05077368
1.555750479	0.050899487
1.556313478	0.051071541
1.55694629	0.051246004
1.557651165	0.051452541
1.558214165	0.051607211
1.558601509	0.051661464
1.559094697	0.051778444
1.559657696	0.05186228
1.560220696	0.052011326
1.560783696	0.052130835
1.561310663	0.052266996
1.561837631	0.052355796
1.562400631	0.052475515
1.56296363	0.052636847
1.56352663	0.052857644
1.564161694	0.053051339
1.564794505	0.053203509
1.565251661	0.053337911
1.565744849	0.053467668
1.566341628	0.053642672
1.566976692	0.053825057
1.567539691	0.053945574
1.568030627	0.054063678
1.568523815	0.054193835
1.569086815	0.054415842
1.569685846	0.054514093
1.570318658	0.05464339
1.570917689	0.054795453
1.571444657	0.054974928
1.572043689	0.055151071
1.572640468	0.055339196
1.573169688	0.055429494
1.573660624	0.05556629
1.574223623	0.055735594
1.574752843	0.055993492
1.575349623	0.056164244
1.575948654	0.05633519
1.576581466	0.056513445
1.577180498	0.05673253
1.577673685	0.056840122
1.578058777	0.056973827
1.578587997	0.057034889
1.579220808	0.057243628
1.57981984	0.057421296
1.58038284	0.057627772
1.580909807	0.057785043
1.581508839	0.057975069
1.582105619	0.058159133
1.582774462	0.05841208
1.583373494	0.058626563
1.58383065	0.058805854
1.584429681	0.058924347
1.585096273	0.059201906
1.585659273	0.059403546
1.58615246	0.05949429
1.586645648	0.059639296
1.587102804	0.059728791
1.587665803	0.059858484
1.588228803	0.060108857
1.588827835	0.060324567
1.589496678	0.060627571
1.59016327	0.060852235
1.59072627	0.061067049
1.591149645	0.061125591
1.591712645	0.061364782
1.592345457	0.061667286
1.592874676	0.06180269
1.593401644	0.061980431
1.593928612	0.062170381
1.594491611	0.062398175
1.595090643	0.062633585
1.595723455	0.062870486
1.596216642	0.063053551
1.596637766	0.063124745
1.597236798	0.063306102
1.597869609	0.063573855
1.598432609	0.063802599
1.598961829	0.063933
1.599524828	0.064119483
1.600051796	0.064353235
1.600614796	0.064558195
1.601177795	0.064751125
1.601776827	0.065000369
1.602409639	0.065281578
1.603078482	0.065661847
1.60357167	0.065919497
1.604098638	0.066050787
1.604661637	0.06628721
1.605224637	0.066475024
1.605751605	0.066679748
1.606244792	0.066797805
1.60677176	0.067002737
1.607370792	0.067241317
1.607969823	0.067516687
1.608602635	0.067824205
1.609165635	0.068116768
1.609728634	0.068287284
1.610361446	0.068607611
1.610994257	0.068952636
1.611523477	0.069189439
1.612016665	0.06941259
1.612579664	0.069614389
1.613176444	0.069830024
1.613739444	0.070142365
1.614338475	0.07045648
1.614935255	0.070752316
1.615498255	0.070979394
1.616061254	0.071225022
1.616448598	0.071334153
1.616977818	0.071529409
1.617574597	0.071856747
1.618173629	0.072184407
1.618700597	0.072404583
1.619263596	0.07266339
1.619792816	0.07293314
1.620389596	0.073224559
1.621024659	0.073560992
1.621657471	0.073928349
1.622150659	0.074215669
1.622747438	0.074403165
1.62334647	0.07476346
1.62390947	0.075017518
1.624366625	0.075106478
1.624859813	0.075339037
1.625386781	0.075567122
1.62594978	0.075901967
1.62651278	0.076132042
1.627145592	0.076507626
1.627780655	0.07694539
1.628413467	0.077204065
1.628940435	0.077501178
1.629327778	0.077581469
1.629890778	0.077862
1.63052359	0.078226532
1.631086589	0.078575573
1.631685621	0.078827457
1.632318433	0.079192698
1.632917464	0.079525553
1.633444432	0.079774484
1.633973652	0.080005058
1.634536651	0.080305689
1.635027587	0.080516045
1.635556807	0.080734612
1.636153586	0.081124375
1.636752618	0.081452368
1.637279586	0.081776981
1.637842585	0.082035187
1.638405585	0.082386862
1.638934805	0.082724609
1.639461772	0.083049993
1.640060804	0.083348099
1.640693616	0.083772709
1.641362459	0.084249326
1.641855647	0.084492824
1.642346583	0.084642801
1.642945614	0.084948143
1.643508614	0.085351657
1.644001802	0.085620705
1.644492737	0.085852319
1.645055737	0.08617527
1.645618737	0.086523415
1.646217768	0.086848677
1.6468168	0.087367985
1.647449612	0.087826899
1.647942799	0.088153523
1.648505799	0.088446519
1.649138611	0.088956341
1.649737642	0.089389532
1.650300642	0.089727064
1.650863641	0.090014662
1.651426641	0.090264815
1.651989641	0.090646835
1.652516608	0.090945544
1.653079608	0.091296625
1.65371242	0.091733418
1.654345231	0.092245893
1.654732575	0.092380579
1.655295575	0.092719967
1.655930638	0.093189359
1.656527418	0.093682076
1.657056638	0.094013998
1.657583605	0.094383745
1.658146605	0.094768359
1.658745637	0.095205662
1.659342416	0.095573825
1.66001126	0.096154383
1.660610292	0.096573686
1.661067447	0.096757941
1.661630447	0.097068326
1.662157415	0.097364167
1.66261457	0.097675013
1.66314379	0.098028149
1.66370679	0.098358221
1.664269789	0.098859104
1.664866569	0.099330713
1.665429569	0.099794287
1.6660286	0.100279298
1.666661412	0.100848937
1.667224412	0.101383083
1.667647787	0.101472145
1.668244567	0.10205318
1.668913411	0.102613691
1.66947641	0.103022289
1.67000563	0.103314914
1.670532598	0.10355048
1.671095597	0.103985102
1.671588785	0.104301392
1.672115753	0.104645358
1.672748564	0.105173995
1.673347596	0.105656394
1.673840784	0.106030717
1.674403783	0.106263459
1.675036595	0.10685056
1.675529783	0.107250996
1.676092782	0.107675225
1.676655782	0.108099714
1.677218782	0.108575408
1.677781781	0.108968585
1.678344781	0.109489449
1.678977593	0.109983337
1.679646436	0.110562842
1.680103592	0.110835337
1.680560748	0.11099311
1.681123747	0.111426032
1.681686747	0.111954995
1.682249747	0.1124779
1.682776714	0.112953986
1.683339714	0.113388037
1.683938746	0.113946267
1.684537777	0.114536844
1.685170589	0.115226094
1.685803401	0.115832621
1.68633262	0.116297962
1.68689562	0.11665703
1.687528431	0.117290254
1.688125211	0.117857309
1.688724243	0.118315894
1.68925121	0.118731226
1.68978043	0.119140536
1.690237586	0.119410216
1.690800586	0.119918623
1.691363585	0.120453029
1.691996397	0.121114816
1.692629208	0.121828476
1.693052584	0.122135361
1.69350974	0.122419106
1.694142552	0.123030894
1.694741583	0.12372429
1.695268551	0.12412321
1.695761739	0.124571382
1.696324738	0.125024939
1.696887738	0.12557541
1.69748677	0.126186901
1.698155613	0.126816901
1.698788425	0.127470455
1.69924558	0.127737019
1.699738768	0.128122586
1.700335548	0.12875505
1.700864767	0.129318209
1.701497579	0.129986505
1.702060579	0.13061113
1.702623578	0.131190888
1.70322261	0.131819056
1.70381939	0.132440989
1.704418421	0.133044087
1.705051233	0.133714962
1.705650265	0.134428968
1.706037608	0.134627911
1.706564576	0.134999949
1.707197388	0.135730605
1.707796419	0.136452584
1.708289607	0.136829263
1.708780543	0.137199468
1.709309762	0.137676783
1.709872762	0.138260969
1.710505574	0.139020033
1.711104605	0.139731384
1.711667605	0.140355757
1.712158541	0.140701547
1.71272154	0.141274545
1.713320572	0.142065541
1.713883572	0.142606776
1.714376759	0.143064398
1.714939759	0.143736463
1.715502759	0.144389398
1.716099538	0.145091195
1.716662538	0.145810131
1.717331382	0.14657114
1.717964193	0.14740788
1.718457381	0.147835151
1.718808693	0.147943685
1.719407724	0.148465279
1.720040536	0.149336251
1.720603536	0.150025344
1.721132755	0.15050932
1.721659723	0.151052198
1.722258755	0.151791357
1.722855534	0.152537336
1.723454566	0.153198928
1.724053598	0.153926402
1.724580565	0.154595499
1.725179597	0.155192861
1.725812409	0.15610162
1.726409188	0.156752088
1.726902376	0.15713126
1.727359532	0.157435194
1.727852719	0.157919684
1.728415719	0.158509261
1.728942687	0.159220597
1.729541718	0.159998101
1.73017453	0.160864644
1.730809594	0.161791132
1.731372593	0.162527421
1.731757685	0.162727949
1.732286905	0.163238078
1.732955748	0.164195942
1.733518748	0.165091758
1.734081748	0.165744515
1.734644747	0.166397662
1.735241527	0.167153275
1.73587659	0.167926253
1.736543182	0.168907207
1.73700259	0.169439925
1.737459746	0.169820955
1.738092557	0.170602118
1.738795181	0.171819806
1.73935818	0.172549046
1.7398874	0.173169662
1.7404504	0.173846862
1.740977367	0.1744217
1.741540367	0.175231904
1.742139399	0.176105767
1.742736178	0.176867476
1.74333521	0.177742418
1.743934242	0.178578193
1.744355365	0.178998824
1.744812521	0.179251102
1.745447585	0.180177868
1.746010584	0.181018236
1.74646774	0.181383919
1.746994708	0.181942756
1.747593739	0.18283455
1.748156739	0.183729763
1.748789551	0.184646166
1.749388582	0.185533031
1.749879518	0.186249492
1.750442518	0.186807871
1.751077581	0.187866269
1.751674361	0.188814845
1.752203581	0.189463986
1.752730548	0.190093276
1.753257516	0.190623059
1.753786736	0.191353134
1.754349735	0.192167245
1.754982547	0.19297619
1.755581579	0.19379527
1.756108546	0.194553538
1.756707578	0.195300228
1.757164734	0.195751348
1.757691701	0.196297226
1.758324513	0.19728251
1.758887513	0.198113664
1.759416732	0.198854648
1.759979732	0.199566462
1.760542732	0.200425747
1.761105731	0.201252109
1.761738543	0.202227434
1.762407387	0.203475223
1.762900574	0.204147953
1.763463574	0.204748791
1.764130166	0.205817497
1.764693165	0.2065934
1.765116541	0.206897633
1.765573697	0.207212656
1.766136696	0.207949297
1.766699696	0.208874185
1.767298728	0.209844157
1.767895507	0.210713786
1.768530571	0.21182355
1.769163383	0.212859897
1.76969035	0.213749756
1.770077694	0.213910792
1.770640694	0.214617492
1.771239725	0.21558453
1.771766693	0.216449187
1.772365725	0.217350073
1.772998536	0.218370117
1.773597568	0.219312581
1.774160568	0.220096227
1.774687535	0.220680437
1.775250535	0.22162668
1.775777503	0.222400406
1.776306722	0.223107392
1.776939534	0.224205623
1.777538565	0.225334043
1.778065533	0.226082691
1.778628533	0.226890364
1.779191532	0.227847118
1.7797185	0.22867817
1.7802815	0.229487281
1.780916563	0.23054284
1.781549375	0.231734085
1.782146155	0.232725181
1.782639342	0.233432575
1.78313253	0.233734114
1.78369553	0.234613819
1.784222497	0.235353791
1.784715685	0.236008376
1.785242653	0.236810108
1.785841684	0.237811714
1.786404684	0.238802339
1.786967684	0.239813895
1.787636527	0.241030346
1.788269339	0.242283497
1.788762527	0.242947974
1.789289494	0.243651348
1.789924558	0.244852367
1.790487558	0.245758753
1.791014525	0.246429494
1.791541493	0.247066576
1.792070713	0.247697498
1.792633712	0.248551229
1.79316068	0.249257463
1.793687648	0.249943638
1.794322711	0.251101722
1.794955523	0.252430624
1.795412679	0.253026627
1.795975678	0.253665125
1.79660849	0.25498917
1.797207522	0.256111381
1.797734489	0.25686904
1.798263709	0.25768887
1.798860489	0.258716915
1.79945952	0.259896219
1.800092332	0.261101653
1.800761176	0.262463537
1.801393987	0.263595378
1.801817363	0.263848882
1.802344331	0.264405068
1.80287355	0.265256206
1.803364486	0.265972056
1.803927486	0.266794798
1.804526517	0.267835741
1.805089517	0.268988459
1.805652517	0.269963596
1.806251548	0.271061279
1.806848328	0.272179872
1.807517171	0.27340612
1.808044139	0.274508681
1.808431483	0.27456749
1.809066547	0.275680471
1.809663326	0.277015051
1.810226326	0.277871015
1.810789326	0.278789335
1.811352325	0.279646276
1.811845513	0.280430976
1.812338701	0.281133488
1.81293548	0.28210713
1.813534512	0.283432871
1.814133544	0.284552788
1.814590699	0.285175665
1.815153699	0.286001564
1.815750479	0.287267581
1.816313478	0.288280739
1.81691251	0.289286411
1.817439478	0.290232871
1.817968697	0.291104264
1.818495665	0.292024084
1.819094697	0.29315629
1.81979732	0.294658311
1.820502196	0.296217067
1.820889539	0.296667251
1.821346695	0.296935361
1.821909695	0.297884908
1.822506474	0.299179588
1.823069474	0.30026183
1.823562662	0.301056199
1.824125662	0.302063356
1.824724693	0.30327105
1.825287693	0.30448039
1.825884472	0.30573767
1.826519536	0.307133905
1.827082536	0.308387064
1.827609503	0.309183794
1.828242315	0.310443132
1.828805315	0.311594159
1.829368314	0.312551356
1.829897534	0.313371288
1.830424502	0.314100908
1.830881657	0.314659009
1.831374845	0.315327851
1.831971625	0.316411348
1.832606688	0.317989179
1.833275532	0.319768813
1.833766468	0.320815261
1.834259655	0.321194044
1.834858687	0.322525059
1.835491499	0.324002214
1.836018466	0.325112999
1.836547686	0.326043471
1.837144466	0.327307311
1.837743497	0.328593239
1.838376309	0.330088416
1.839081185	0.331660381
1.839644184	0.33271184
1.840065308	0.333039511
1.840558496	0.33346421
1.841121495	0.334537872
1.841684495	0.335584159
1.842247495	0.336763921
1.842774462	0.337839781
1.843337462	0.338852838
1.843866682	0.339881227
1.844429681	0.340986423
1.845062493	0.342483463
1.845731337	0.34442966
1.846364148	0.345956813
1.846787524	0.346449842
1.84727846	0.34689964
1.847877491	0.347994375
1.848440491	0.349181195
1.849003491	0.350108923
1.849530458	0.351072446
1.850023646	0.35193872
1.850586646	0.352692241
1.851185677	0.354071551
1.851854521	0.35584476
1.852451301	0.357464578
1.85298052	0.358298382
1.8535773	0.359722781
1.854210111	0.361176162
1.854739331	0.362215842
1.855232519	0.363164474
1.855795519	0.364359779
1.856358518	0.365485259
1.856955298	0.366737882
1.857518297	0.367780017
1.858117329	0.368963912
1.858750141	0.370359882
1.859243328	0.371319369
1.85959464	0.37136835
1.86015764	0.372250611
1.860756672	0.373818796
1.861319671	0.375253439
1.861846639	0.376335208
1.862409639	0.377523828
1.86300867	0.378989215
1.86357167	0.380575471
1.864204481	0.382084914
1.864837293	0.383892671
1.865330481	0.385014046
1.86589348	0.385973298
1.866526292	0.387620779
1.867125324	0.388907792
1.867618511	0.38967707
1.868145479	0.390503411
1.868602635	0.391301347
1.869095823	0.392156862
1.86962279	0.393332213
1.870221822	0.394807399
1.870854633	0.396681284
1.871559509	0.398756448
1.872122509	0.400404636
1.872543632	0.400793311
1.873106632	0.401945026
1.873739444	0.403866485
1.874302443	0.405439569
1.874865443	0.406771496
1.875428443	0.408146874
1.876027474	0.409630591
1.876660286	0.411229451
1.877293098	0.413114405
1.877786285	0.414114132
1.878243441	0.414507333
1.878878505	0.41609563
1.879545096	0.418448355
1.880074316	0.419872478
1.880601284	0.421011222
1.881094471	0.422164383
1.881621439	0.423332836
1.882184439	0.424817293
1.882747438	0.426388343
1.883382502	0.428219761
1.884049094	0.430460101
1.884717937	0.432459135
1.885141313	0.433114566
1.885598469	0.433420057
1.8861975	0.434882628
1.8867605	0.436531127
1.887217656	0.437410758
1.887744623	0.438471824
1.888307623	0.440058006
1.888906655	0.441732371
1.889503434	0.443651098
1.890138498	0.445644563
1.890665466	0.447089647
1.891192433	0.448233887
1.891827497	0.450101114
1.892424277	0.452269312
1.892987276	0.453791009
1.893516496	0.454967512
1.894079496	0.456138355
1.894642495	0.457662298
1.895205495	0.459115109
1.895802275	0.460620096
1.896365274	0.462060108
1.896894494	0.46325497
1.897457494	0.464732457
1.897878617	0.465628245
1.898405585	0.466651306
1.899040649	0.468725345
1.899637428	0.470661353
1.900166648	0.472119951
1.900693616	0.47359316
1.901256615	0.475328772
1.901819615	0.477065328
1.902452427	0.479051543
1.90308749	0.481212958
1.903614458	0.482639953
1.904177457	0.483903311
1.904846301	0.486026007
1.905443081	0.487972453
1.905866456	0.488826204
1.906323612	0.489565919
1.90685058	0.490953757
1.90741358	0.492626787
1.907976579	0.494351428
1.908575611	0.496144339
1.909208422	0.498389269
1.909877266	0.500804555
1.910440266	0.502758319
1.910863641	0.503217984
1.911426641	0.504752391
1.912095485	0.507288461
1.912658484	0.509384037
1.913221484	0.510957743
1.913818264	0.512781124
1.914347483	0.514114936
1.914874451	0.515463343
1.915401419	0.516783324
1.915964418	0.518448326
1.916493638	0.520214197
1.917056638	0.521764523
1.917689449	0.524048268
1.918252449	0.52621957
1.918779417	0.527624471
1.919308636	0.5293076
1.919871636	0.531219601
1.920434636	0.533052425
1.920997635	0.534937289
1.921666479	0.537356171
1.922369103	0.540355402
1.923037946	0.542982069
1.92345907	0.543977334
1.923952258	0.54451858
1.924481477	0.546122427
1.925008445	0.547682579
1.925535413	0.549075353
1.926064632	0.550630335
1.926661412	0.552819924
1.927190632	0.554735207
1.927787411	0.556722204
1.928422475	0.559263231
1.929089067	0.562225158
1.929548474	0.563516575
1.930111474	0.565088019
1.930744286	0.567685072
1.931307285	0.569603142
1.931800473	0.571142183
1.932363473	0.572680615
1.932926472	0.574462032
1.933489472	0.576170978
1.93401644	0.577774597
1.934543407	0.579232102
1.935106407	0.581252169
1.935741471	0.583721306
1.936198626	0.58527062
1.936761626	0.586610008
1.937394438	0.589287967
1.937957437	0.591541535
1.938556469	0.593660143
1.939083437	0.595654735
1.939682468	0.597738809
1.940245468	0.599849752
1.940842247	0.601964927
1.941511091	0.605091497
1.942110123	0.607541947
1.942601058	0.608403588
1.943130278	0.609830916
1.943657246	0.611346779
1.944150434	0.612845345
1.944677401	0.614288812
1.945206621	0.61615466
1.945769621	0.618009999
1.9463664	0.620098766
1.9469294	0.622259215
1.9474924	0.624265532
1.948161243	0.626972641
1.948760275	0.629459131
1.949181398	0.629846778
1.94978043	0.631765225
1.950379462	0.634106829
1.950906429	0.635818854
1.951469429	0.637447161
1.951996397	0.638968157
1.952525616	0.640460968
1.953052584	0.641857354
1.953651616	0.643849285
1.954284427	0.646469342
1.954917239	0.64871984
1.955410427	0.649640778
1.956009458	0.651310254
1.956606238	0.653440466
1.957099426	0.654407691
1.957662425	0.655762902
1.958225425	0.657416183
1.958788425	0.659047995
1.959351424	0.660688076
1.959914424	0.662388521
1.960583268	0.664840306
1.961252111	0.667286163
1.961639455	0.667909516
1.962096611	0.66831846
1.96265961	0.670112367
1.96322261	0.672093542
1.96378561	0.673956446
1.964312577	0.67577062
1.964875577	0.677829364
1.965438577	0.680075736
1.966037608	0.682537334
1.96667042	0.685280886
1.967303232	0.688205328
1.967796419	0.690223273
1.968323387	0.69173089
1.968886387	0.694305943
1.969485418	0.697014749
1.97011823	0.69967723
1.97064745	0.701586074
1.971174417	0.70317322
1.971631573	0.704623872
1.972158541	0.706362193
1.972757572	0.708786344
1.973390384	0.711973267
1.974059228	0.715557392
1.974516383	0.717499853
1.975009571	0.718563915
1.975642383	0.721404537
1.976241414	0.724271969
1.976768382	0.726506563
1.977297602	0.728375212
1.977860601	0.730632707
1.978457381	0.733211866
1.979020381	0.735546957
1.979689224	0.738298535
1.980322036	0.740880425
1.980745412	0.741896154
1.981202567	0.74276695
1.981765567	0.744655956
1.982328567	0.746801815
1.982891566	0.748933716
1.983418534	0.750736776
1.983981534	0.752848135
1.984580565	0.755117444
1.985143565	0.757600354
1.985776377	0.760480713
1.98644522	0.76386684
1.987150096	0.767736765
1.987571219	0.769016334
1.988100439	0.770225035
1.988697219	0.772691239
1.98929625	0.775220085
1.989823218	0.776498246
1.990280374	0.7774172
1.990809594	0.779196126
1.991372593	0.781276448
1.991969373	0.783938339
1.992568404	0.78682197
1.993131404	0.789420486
1.993694404	0.791134695
1.994257403	0.793440346
1.994856435	0.796496231
1.995419435	0.799190864
1.995946402	0.801175221
1.99647337	0.803569845
1.99700259	0.805685989
1.997599369	0.808634417
1.998198401	0.811357776
1.998901025	0.81521769
1.999569868	0.819073872
2.000027024	0.821022872
2.000380588	0.82094016
2.000907555	0.822842967
2.001506587	0.826311418
2.002069587	0.829257568
2.002596554	0.831559184
2.003123522	0.833907529
2.003686522	0.836507869
2.004321585	0.839687629
2.004954397	0.843066212
2.005587209	0.846918878
2.006116428	0.849732074
2.006713208	0.852369625
2.00734602	0.856167166
2.007909019	0.858801112
2.008402207	0.860293136
2.008825583	0.861473638
2.00935255	0.863355141
2.009879518	0.865939574
2.010442518	0.868884305
2.011041549	0.871930161
2.011674361	0.875519387
2.012343205	0.879600148
2.012906204	0.883101983
2.01332958	0.884182098
2.01389258	0.886524445
2.014525391	0.890581491
2.015124423	0.89399853
2.015687423	0.896750884
2.016250422	0.899688362
2.016813422	0.902313387
2.017410202	0.905169361
2.017973201	0.908164904
2.018466389	0.910141846
2.018923545	0.911505463
2.019522576	0.914635973
2.02019142	0.918919753
2.02075442	0.922160405
2.021281387	0.924687853
2.021844387	0.927286755
2.022371355	0.929916464
2.022934354	0.932855894
2.023497354	0.936004251
2.024132418	0.939694878
2.024799009	0.944086536
2.025467853	0.948228157
2.025891228	0.950441639
2.026384416	0.95174245
2.027017228	0.955395198
2.027510415	0.958021744
2.027967571	0.959685314
2.028494539	0.962052679
2.029093571	0.965148762
2.02969035	0.968684691
2.030289382	0.972177359
2.030922193	0.975826946
2.031379349	0.97809819
2.031942349	0.980436857
2.032577412	0.984578773
2.033210224	0.988783748
2.033737192	0.991611343
2.034266411	0.994032016
2.034757347	0.99642734
2.035320347	0.999160451
2.035883346	1.002173195
2.036482378	1.005645968
2.037045378	1.008870735
2.037608377	1.011965611
2.038241189	1.015530184
2.038664565	1.017606561
2.039155501	1.019508457
2.039754532	1.023200058
2.040353564	1.026870412
2.040880531	1.029925195
2.041443531	1.032999652
2.042006531	1.036478809
2.042605562	1.040210733
2.043238374	1.044365331
2.043837406	1.048512733
2.044364373	1.051367832
2.044927373	1.053908979
2.045596217	1.058074909
2.046159216	1.061823257
2.046616372	1.063536902
2.04710956	1.065557539
2.047672559	1.068540601
2.048235559	1.071929532
2.048762527	1.075215688
2.049361558	1.078743624
2.050030402	1.083205404
2.050663214	1.087931049
2.051226213	1.091890137
2.051647337	1.093072437
2.052210337	1.096052779
2.052809368	1.100067116
2.053336336	1.103405581
2.053865556	1.106247749
2.054462335	1.109853144
2.055025335	1.113098833
2.055518523	1.115356085
2.05604549	1.117687299
2.056644522	1.121339429
2.05717149	1.124766633
2.057734489	1.127371418
2.058333521	1.131091352
2.058932553	1.135125954
2.05945952	1.13843475
2.06002252	1.141780703
2.060621552	1.145797712
2.061184551	1.149796764
2.061747551	1.153375115
2.062344331	1.156958539
2.063013174	1.161187513
2.06371805	1.166567649
2.064208985	1.169658783
2.064668393	1.170914669
2.065195361	1.173354151
2.065758361	1.176779956
2.066285328	1.180006433
2.066778516	1.182665763
2.067341516	1.185162176
2.067904515	1.188562686
2.068503547	1.19195422
2.06917239	1.196259892
2.069805202	1.201230899
2.07029839	1.203513693
2.070861389	1.206325573
2.071527981	1.21092961
2.072090981	1.214216824
2.07265398	1.217072826
2.0731832	1.219264865
2.0737462	1.221745463
2.074239387	1.22409152
2.074730323	1.226098499
2.075293323	1.22899992
2.075928386	1.23324601
2.076594978	1.238120357
2.076982322	1.239881162
2.077545321	1.242315465
2.078180385	1.246600978
2.078743385	1.250293035
2.079306384	1.25345007
2.079833352	1.256792175
2.080396352	1.260434098
2.080959351	1.264085709
2.081558383	1.26776896
2.082261007	1.272908821
2.082860038	1.277102582
2.083350974	1.279088442
2.083844162	1.281258454
2.084337349	1.284054541
2.084864317	1.287141796
2.085393537	1.290097237
2.085956536	1.293763989
2.086519536	1.297725649
2.087116316	1.301448824
2.087679315	1.305390591
2.088278347	1.309626466
2.088947191	1.315177476
2.08954397	1.320305413
2.090003378	1.321873282
2.090566378	1.325920281
2.091163157	1.330189246
2.091656345	1.333179281
2.092219345	1.336437587
2.092782344	1.339737184
2.093275532	1.342929991
2.093766468	1.345558283
2.094365499	1.349275089
2.094964531	1.353868757
2.095597343	1.358574252
2.096054498	1.361457071
2.09665353	1.365301049
2.097286342	1.370275905
2.097813309	1.373830087
2.098376309	1.377616677
2.098975341	1.381835255
2.099502308	1.385729444
2.100065308	1.389282474
2.100628308	1.392869113
2.101227339	1.397199436
2.101860151	1.401873739
2.102353339	1.404820844
2.102774462	1.405756917
2.103337462	1.408928377
2.103900462	1.413051915
2.104463461	1.417145498
2.105062493	1.421169486
2.105625493	1.425466948
2.106258304	1.43018176
2.106857336	1.434708156
2.107456368	1.439548956
2.108053147	1.444150618
2.108582367	1.447739529
2.109073303	1.450486927
2.109708366	1.455249156
2.110305146	1.460107689
2.110904177	1.464289052
2.111431145	1.467700935
2.111924333	1.470216787
2.112381489	1.472419803
2.112908456	1.475659099
2.113507488	1.479969375
2.114176331	1.485470719
2.114809143	1.491030139
2.115266299	1.49405898
2.115759487	1.495885422
2.116358518	1.500302535
2.116955298	1.504985551
2.117484518	1.508569607
2.118011485	1.512226035
2.118574485	1.516368373
2.119137485	1.520713848
2.119770296	1.52542553
2.120475172	1.531012961
2.121107983	1.536567672
2.121495327	1.538338425
2.122022295	1.54079116
2.122621326	1.545521648
2.123220358	1.550165884
2.12385317	1.555530715
2.124416169	1.560008314
2.124943137	1.563638605
2.125506137	1.567571459
2.126105168	1.57187185
2.126701948	1.576955988
2.127370792	1.582629419
2.127969823	1.587470292
2.128287355	1.588305142
2.128778291	1.590150623
2.129377322	1.594414119
2.130010134	1.599594709
2.130503322	1.602925689
2.130996509	1.605181942
2.131487445	1.608222374
2.132086477	1.61215524
2.132685508	1.616875508
2.13331832	1.62237713
2.133917352	1.627685819
2.134480351	1.631105703
2.135113163	1.635869558
2.135676163	1.64054178
2.13620313	1.643963767
2.13673235	1.647032018
2.13729535	1.651117683
2.137858349	1.654726368
2.138421349	1.658848231
2.138984349	1.663118218
2.13961716	1.66762335
2.140249972	1.672512782
2.14077694	1.675907595
2.141130503	1.67651769
2.141693503	1.679528099
2.142290283	1.684583584
2.142853282	1.688484088
2.143382502	1.691651732
2.14390947	1.695103854
2.144472469	1.699098963
2.145105281	1.70391695
2.145704313	1.708832785
2.146337124	1.71400625
2.146830312	1.717358938
2.147393312	1.720907532
2.148026123	1.726087833
2.148589123	1.730504912
2.149118343	1.733436201
2.149575498	1.73557598
2.150102466	1.738450506
2.150665466	1.741918837
2.151228465	1.745437752
2.151827497	1.749804562
2.152496341	1.755390935
2.153198964	1.761498585
2.153692152	1.765540878
2.154113276	1.765886104
2.154642495	1.768569648
2.155275307	1.773606166
2.155838306	1.77810481
2.156401306	1.781631258
2.156964306	1.785331286
2.157491274	1.788994933
2.158090305	1.79276099
2.158723117	1.79763068
2.159216304	1.800672964
2.15967346	1.80250558
2.160306272	1.806478679
2.160975115	1.81294542
2.161538115	1.817151897
2.162031303	1.81870753
2.16255827	1.821540158
2.16308749	1.824819341
2.16365049	1.828695284
2.164213489	1.832679818
2.164846301	1.837711746
2.165479113	1.843231395
2.166111924	1.848482553
2.166571332	1.851753706
2.167028488	1.853164677
2.167661299	1.857722158
2.168188267	1.861606593
2.168681455	1.864236768
2.169244454	1.8678093
2.169807454	1.872215505
2.170440266	1.876939572
2.171075329	1.882096669
2.171708141	1.88794713
2.172201329	1.891394427
2.172764328	1.895011224
2.17339714	1.900151223
2.17396014	1.904572386
2.174487107	1.907989733
2.174980295	1.911139345
2.175473483	1.91429019
2.176036482	1.917875574
2.176599482	1.922041043
2.177196262	1.92652762
2.177725481	1.930170967
2.178288481	1.933936823
2.178885261	1.938296957
2.179342416	1.941533521
2.179871636	1.943709958
2.180468416	1.948571894
2.181067447	1.953479623
2.181666479	1.957735369
2.182229479	1.961695627
2.182792478	1.966146637
2.183389258	1.970887158
2.184058102	1.976482945
2.184726945	1.9832182
2.185220133	1.986453635
2.185783133	1.98951321
2.186379912	1.994173818
2.186909132	1.997579258
2.187366288	1.999292413
2.187859475	2.001678694
2.188422475	2.004985606
2.188985475	2.008875735
2.189548474	2.012734346
2.190145254	2.017191235
2.190850129	2.023197377
2.191518973	2.029215206
2.192009909	2.033007152
2.192363473	2.032835632
2.192926472	2.035780559
2.193559284	2.040848756
2.194122284	2.044871428
2.194649251	2.048170649
2.195212251	2.051988308
2.195811283	2.055766358
2.19630447	2.0586297
2.19686747	2.061392812
2.19746425	2.06576569
2.198027249	2.069599751
2.198590249	2.072483879
2.199225312	2.077098873
2.199788312	2.081355667
2.20031528	2.08410153
2.200878279	2.087400725
2.201441279	2.090893579
2.201968247	2.093902212
2.202497467	2.096629867
2.203060466	2.100243968
2.203693278	2.104604019
2.204326089	2.109367957
2.204855309	2.113700103
2.205382277	2.115352439
2.205909244	2.118278382
2.206438464	2.120998211
2.206965432	2.123440414
2.2074924	2.126160128
2.208091431	2.1298642
2.208654431	2.133744807
2.209253462	2.137829742
2.209956086	2.143359506
2.210588898	2.14868181
2.211082085	2.150789821
2.211645085	2.153655087
2.212244117	2.15863132
2.212807116	2.162096024
2.213334084	2.164879882
2.213863304	2.167515724
2.214390271	2.170486676
2.214953271	2.173670758
2.215446459	2.175853897
2.216009458	2.179107645
2.21664227	2.183794915
2.217275082	2.188728643
2.217698457	2.190628515
2.218261457	2.19297859
2.218894269	2.198364139
2.2194933	2.202834032
2.220020268	2.2057593
2.220583268	2.208696254
2.221146267	2.212250041
2.221673235	2.215921243
2.222272267	2.219699668
2.222905078	2.224754265
2.22353789	2.229448359
2.223997298	2.231285371
2.224488233	2.232833657
2.225051233	2.235806468
2.225580453	2.238721167
2.226143452	2.241924582
2.226740232	2.245729841
2.227303232	2.249485787
2.227866231	2.252871159
2.228429231	2.256325642
2.229028263	2.260393608
2.229730886	2.266261813
2.230293886	2.271051087
2.230717262	2.271160355
2.231280261	2.274707135
2.231913073	2.279402893
2.232442293	2.282562497
2.233005292	2.28591053
2.233568292	2.289404128
2.234059228	2.291535932
2.234552415	2.293840446
2.235115415	2.296752111
2.235748227	2.300831801
2.236347258	2.305073909
2.236840446	2.307399718
2.237403446	2.310758331
2.238036257	2.315592596
2.238563225	2.318781129
2.239162257	2.32257274
2.239725256	2.326184058
2.240252224	2.329759427
2.240815224	2.333220598
2.241378223	2.337100206
2.242047067	2.342564669
2.242751942	2.348742406
2.243103254	2.349885332
2.24356041	2.350151292
2.244159442	2.354169989
2.244792253	2.358771457
2.245355253	2.362440625
2.24584844	2.365406788
2.24641144	2.368268518
2.24697444	2.371848014
2.247571219	2.375814586
2.248206283	2.380574621
2.248803063	2.385697656
2.249332282	2.38882971
2.249823218	2.390418857
2.25042225	2.394088584
2.251021281	2.398537673
2.251584281	2.4024887
2.252111249	2.404897961
2.252568404	2.406506514
2.253095372	2.408592203
2.253658372	2.411992094
2.254293435	2.416788699
2.254962279	2.422283146
2.255664903	2.428185051
2.256088278	2.43007988
2.256615246	2.431641366
2.257214278	2.435672082
2.257811057	2.439856465
2.258340277	2.442520524
2.258867245	2.445148819
2.259394212	2.44791533
2.259957212	2.451142388
2.260520212	2.454533823
2.261189055	2.459286565
2.261752055	2.463196455
2.262209211	2.46447594
2.26273843	2.466684798
2.263371242	2.471130033
2.26389821	2.474060555
2.264461209	2.477040187
2.265024209	2.479952195
2.265553429	2.482819724
2.266150208	2.485968927
2.266713208	2.489529876
2.26731224	2.493243818
2.267945051	2.497616553
2.268613895	2.502298097
2.269037271	2.503402599
2.269528206	2.504642215
2.270127238	2.508259694
2.27072627	2.512378779
2.271183425	2.51356582
2.271710393	2.514908046
2.272273393	2.517662275
2.272872424	2.520690518
2.273505236	2.524361748
2.274138048	2.528742655
2.274667267	2.531809785
2.275194235	2.53281097
2.275757235	2.53568427
2.276390046	2.539734196
2.276919266	2.542036349
2.277446234	2.544094665
2.278045265	2.547349966
2.278608265	2.549770365
2.279171264	2.552771436
2.279734264	2.555488041
2.280261232	2.557429349
2.280824232	2.559506973
2.281423263	2.562232116
2.281844387	2.562081287
2.282407387	2.563190051
2.283040198	2.567220647
2.28363923	2.570191929
2.284166198	2.571825723
2.284695417	2.573210972
2.285292197	2.575453613
2.285855196	2.577754451
2.286454228	2.580235668
2.28705326	2.583013069
2.287580227	2.58424227
2.288179259	2.585787761
2.288812071	2.589066474
2.28937507	2.590711636
2.289796194	2.589944963
2.290289382	2.58943322
2.290852381	2.590243713
2.291415381	2.591367493
2.291978381	2.59223915
2.292577412	2.593656536
2.293174192	2.595533216
2.293809256	2.597854493
2.294406035	2.599636723
2.294829411	2.597868468
2.295426191	2.598561484
2.296061254	2.601128563
