1	0.073576232
1.000716794	0.073678865
1.001172055	0.073819348
1.001738709	0.073925344
1.002382855	0.07412281
1.003027001	0.074241884
1.003632401	0.074322437
1.004199056	0.074443077
1.004804456	0.074573838
1.005448602	0.074764872
1.006090326	0.074927246
1.006770795	0.075085485
1.007301126	0.07517526
1.007717641	0.075177634
1.008323042	0.075352072
1.009003511	0.07547479
1.009608911	0.075663895
1.010214312	0.075766829
1.010819712	0.07589143
1.011388788	0.076042212
1.011994188	0.076188641
1.012635912	0.076294655
1.013318804	0.076504889
1.014035598	0.076660122
1.014679743	0.076853362
1.015135004	0.076938457
1.015701659	0.077017576
1.016307059	0.077164824
1.016912459	0.077333922
1.017404044	0.077429278
1.017934375	0.077549392
1.018539775	0.07765355
1.019145175	0.077844885
1.019825645	0.078020345
1.020506115	0.078159627
1.021111515	0.078285997
1.021716915	0.078456125
1.022361061	0.078585688
1.02304153	0.078783727
1.023610607	0.078980657
1.024177261	0.079053559
1.024743916	0.079221377
1.025312992	0.079228857
1.025918392	0.079429089
1.026560116	0.079617696
1.027165516	0.079840235
1.027809662	0.079948869
1.028490132	0.080060404
1.028945393	0.080176459
1.029550793	0.080348294
1.030192517	0.080523116
1.030797917	0.080665881
1.031366994	0.080820604
1.031933648	0.080901759
1.032577794	0.081106706
1.033219518	0.081208626
1.033863664	0.081472804
1.034544134	0.081666431
1.035074464	0.081796764
1.035679864	0.081910996
1.036360334	0.082097682
1.03692941	0.082201848
1.037420995	0.082351654
1.03791258	0.08242764
1.03851798	0.082549688
1.039123381	0.082708829
1.039728781	0.082905127
1.040409251	0.083129824
1.041128466	0.083343016
1.041884005	0.083574179
1.042453081	0.083642102
1.042905921	0.083819571
1.043511321	0.08393512
1.044155467	0.084165422
1.044722121	0.084307832
1.045291197	0.084465434
1.045896598	0.084588848
1.046501998	0.084809248
1.047143722	0.08501788
1.047787868	0.085182122
1.048354522	0.085287926
1.048846107	0.085439975
1.049490253	0.085626999
1.050209468	0.085835284
1.050853614	0.086045111
1.051459014	0.08627442
1.052064415	0.086451483
1.052669815	0.086598701
1.053311539	0.086824046
1.053955685	0.087057307
1.054597409	0.087230497
1.055316624	0.087507968
1.055999516	0.087684937
1.056413609	0.087726845
1.056907616	0.087903371
1.057513016	0.088111899
1.058079671	0.088196794
1.058610001	0.08834656
1.059176656	0.088491924
1.059820802	0.088726908
1.060426202	0.088981522
1.061067926	0.08915629
1.061712072	0.089331409
1.062278726	0.089545542
1.062884126	0.089725273
1.063567018	0.090070783
1.064208742	0.090223668
1.064814142	0.090441847
1.065344473	0.090585535
1.065911127	0.090671678
1.066480203	0.090955565
1.067121928	0.091040697
1.067766073	0.091316204
1.068371474	0.091504951
1.069015619	0.091651491
1.069621019	0.091893856
1.070112604	0.091997065
1.070679259	0.092213552
1.071359729	0.092440037
1.071928805	0.092664741
1.072534205	0.092923334
1.073139605	0.093052221
1.073781329	0.093322012
1.07438673	0.09354298
1.075069621	0.093809183
1.075786415	0.094124588
1.076316745	0.094316645
1.076885822	0.094489236
1.077566291	0.094779194
1.078132946	0.095005654
1.078624531	0.095056655
1.079193607	0.095268226
1.079799007	0.095498561
1.080404407	0.095652142
1.081009807	0.095936727
1.081651532	0.096278732
1.082295677	0.096390029
1.082939823	0.096740504
1.083545223	0.09694122
1.083959317	0.097132679
1.084564717	0.097271902
1.085208863	0.097561559
1.085814263	0.097755193
1.086419663	0.097933507
1.087025064	0.09824358
1.087669209	0.098495472
1.088235864	0.098709558
1.088841264	0.098919578
1.089446664	0.099129771
1.090052064	0.099332373
1.09069621	0.099593054
1.091337934	0.099861526
1.09198208	0.100107133
1.092548735	0.10037697
1.093154135	0.100588313
1.093798281	0.100881305
1.094403681	0.10110863
1.095009081	0.101320547
1.095689551	0.101656655
1.096408766	0.101988898
1.097089236	0.102333504
1.097544497	0.102446325
1.098074827	0.102605323
1.098641482	0.1028226
1.099171813	0.103044471
1.099699722	0.103195786
1.100268798	0.103405923
1.100874198	0.103658846
1.101479598	0.103959058
1.102121322	0.104239423
1.102840538	0.104543099
1.103559753	0.104917824
1.104090084	0.105133387
1.104770553	0.105457853
1.105414699	0.105779164
1.105981354	0.105951549
1.106511684	0.106120573
1.107078339	0.106332623
1.107683739	0.106595899
1.108289139	0.10692255
1.108858215	0.107103819
1.109463615	0.107367753
1.11010534	0.107659153
1.110788231	0.108081406
1.111279816	0.108216304
1.111885216	0.108473245
1.11252694	0.108868661
1.11313234	0.1090944
1.113701417	0.109348484
1.114268071	0.109578723
1.114873471	0.109820896
1.115478872	0.110246005
1.116159341	0.110543806
1.116878557	0.111004835
1.117597772	0.111394723
1.118128103	0.111567043
1.118658433	0.111803217
1.119186342	0.112015408
1.119755418	0.112271754
1.120322073	0.112536038
1.120927473	0.112828383
1.121532873	0.113200861
1.122177019	0.113513653
1.122782419	0.113862788
1.123424143	0.114191922
1.124143359	0.114641347
1.124748759	0.115031542
1.125240344	0.115169978
1.125923235	0.115632828
1.126564959	0.116003647
1.127134036	0.116270976
1.12770069	0.116586458
1.128267345	0.116693258
1.128836421	0.116985283
1.129441821	0.117321537
1.130083545	0.117774554
1.130802761	0.118228057
1.131446906	0.118617757
1.131977237	0.11884267
1.132618961	0.119160125
1.133263107	0.119542692
1.133829761	0.119925498
1.134435162	0.120199614
1.135040562	0.12059522
1.135609638	0.120930691
1.136215038	0.121254129
1.136820438	0.12152926
1.137500908	0.121942286
1.138142632	0.122383979
1.138597893	0.122643787
1.139089478	0.12280221
1.139694878	0.123119121
1.140300278	0.123517518
1.140866933	0.123855179
1.141436009	0.124177119
1.142002664	0.124547857
1.14264681	0.124902959
1.14325221	0.125286709
1.143971425	0.125854408
1.144651895	0.126263538
1.145218549	0.126636006
1.14582395	0.126947787
1.146468095	0.127337619
1.147112241	0.127719639
1.147717641	0.128171256
1.148284296	0.128479899
1.148814626	0.128661975
1.149342535	0.128966687
1.149911612	0.129317204
1.150553336	0.129790922
1.151272551	0.130200056
1.151955443	0.130777784
1.152483351	0.131026515
1.153052428	0.131329382
1.153732897	0.131875286
1.154377043	0.132335355
1.154943698	0.132671778
1.155510352	0.132950857
1.156115753	0.133358129
1.156759898	0.133811431
1.157479114	0.134348061
1.158159583	0.134847746
1.158689914	0.135140574
1.159106429	0.135279967
1.159673084	0.135577378
1.160353554	0.136086696
1.160958954	0.136546342
1.161564354	0.136923659
1.162169754	0.137384072
1.16273883	0.137774331
1.163344231	0.138202364
1.163985955	0.138651675
1.1646301	0.139076802
1.165349316	0.139718808
1.166068531	0.140278446
1.166521371	0.140507405
1.167090447	0.140833643
1.167732171	0.141343578
1.168337571	0.141824614
1.168906647	0.142101835
1.169398232	0.14231152
1.169926141	0.142609086
1.170531541	0.143116416
1.171175687	0.143587237
1.171856157	0.144129729
1.172425233	0.144525398
1.172991888	0.144854246
1.173672357	0.145381335
1.174355249	0.146059799
1.174921903	0.146515227
1.175488558	0.146912417
1.176093958	0.147239385
1.176663034	0.14769615
1.177268434	0.148132703
1.177910159	0.148691666
1.17859305	0.149172417
1.179234774	0.149673598
1.17980385	0.150132377
1.180217944	0.150285946
1.18086209	0.15080533
1.18154256	0.151405585
1.182186705	0.151925979
1.18275336	0.152394741
1.183322436	0.152796769
1.183927836	0.153313438
1.18456956	0.153843709
1.185252452	0.154489574
1.185932922	0.155076635
1.186463252	0.155407954
1.187104976	0.155940138
1.187785446	0.156621732
1.188429592	0.15723148
1.188921177	0.157474349
1.189412762	0.157776668
1.189981838	0.15812338
1.190587238	0.158636307
1.191228962	0.159222405
1.191834363	0.159855105
1.192517254	0.160447832
1.193234048	0.161249682
1.193803124	0.161624188
1.194255963	0.161881139
1.194861363	0.162261068
1.195544255	0.162992456
1.196149655	0.163509495
1.196716309	0.163936427
1.19732171	0.164513984
1.19792711	0.165057913
1.19860758	0.165569994
1.199251725	0.166171479
1.19974331	0.166444681
1.200234895	0.166692405
1.200840295	0.167255457
1.201520765	0.167906499
1.202089841	0.168371314
1.202656496	0.168913247
1.203223151	0.169387056
1.203828551	0.169952448
1.204472696	0.170566702
1.205078097	0.171124513
1.205722242	0.171808545
1.206402712	0.172532775
1.207158252	0.173268488
1.207688582	0.173834914
1.208218913	0.174126391
1.208863058	0.174658345
1.209390967	0.175122247
1.209921298	0.175414484
1.210487953	0.175996702
1.211132098	0.176659698
1.211776244	0.177400978
1.212456714	0.178131012
1.21310086	0.178882319
1.213628769	0.179383728
1.214234169	0.179888337
1.214953384	0.180816981
1.215558784	0.181504476
1.216127861	0.18185797
1.216694515	0.182454001
1.21726117	0.183007158
1.21786657	0.183601288
1.21847197	0.184126489
1.219116116	0.184753506
1.219760262	0.185424522
1.220365662	0.186090235
1.220971062	0.186739124
1.221423901	0.187104172
1.222029301	0.187614703
1.222748517	0.188413142
1.223353917	0.189203503
1.223884247	0.189730102
1.224450902	0.190227845
1.225095048	0.190895097
1.225700448	0.191635462
1.226342172	0.192329755
1.226986318	0.193068747
1.227552973	0.193603821
1.228158373	0.194101694
1.228841264	0.194918574
1.229446664	0.195618824
1.229974573	0.19600068
1.230504904	0.196435765
1.231110304	0.197146218
1.231715704	0.197769544
1.232321104	0.198551379
1.23296525	0.199340152
1.233684465	0.200343919
1.234401259	0.201304367
1.234970335	0.202136049
1.235423175	0.202271764
1.23606732	0.202993507
1.23674779	0.20391567
1.237316866	0.204635215
1.237958591	0.205296847
1.238563991	0.205970658
1.239133067	0.206488934
1.239699722	0.207104323
1.240266376	0.207631849
1.240871776	0.208396064
1.241440852	0.209031014
1.242046253	0.209619512
1.242687977	0.210444758
1.243293377	0.211238005
1.243823707	0.211717916
1.244390362	0.212399345
1.244995762	0.213123408
1.245564838	0.213761995
1.246170239	0.214540464
1.246811963	0.215325863
1.247531178	0.216347521
1.248250394	0.217414669
1.248855794	0.21821393
1.24942487	0.21867823
1.25003027	0.219496464
1.250596925	0.220148228
1.251127255	0.220598034
1.251732655	0.22128429
1.252374379	0.222147027
1.253018525	0.223180532
1.253698995	0.224123254
1.254379465	0.225102605
1.255023611	0.225942259
1.255515196	0.226245379
1.256120596	0.226998644
1.256801066	0.227998877
1.257406466	0.228708754
1.257975542	0.229340905
1.258542196	0.229964127
1.259186342	0.23072757
1.259752997	0.231351817
1.260283327	0.231880082
1.260849982	0.232469288
1.261494128	0.23327092
1.262174597	0.234349683
1.262629858	0.234748973
1.263196513	0.235304187
1.263876983	0.236340151
1.264482383	0.237146849
1.265012713	0.237759888
1.265618114	0.238603845
1.266262259	0.239491904
1.26686766	0.240463625
1.267509384	0.241316693
1.268228599	0.242438225
1.268947815	0.24357895
1.269439399	0.243998812
1.26996973	0.24455302
1.27057513	0.245321183
1.271105461	0.245894363
1.271672115	0.246583667
1.272316261	0.247487917
1.272921661	0.248439795
1.273563385	0.249426792
1.274207531	0.25036068
1.274851677	0.251386187
1.275532147	0.252556066
1.276137547	0.253593964
1.276629132	0.253964439
1.277273278	0.254920452
1.277953747	0.256121233
1.278520402	0.256945095
1.279125802	0.257722732
1.279694878	0.258320471
1.280222787	0.258965026
1.280753118	0.259355093
1.281358518	0.260098294
1.282038988	0.261350454
1.282683134	0.262495864
1.283213464	0.26321676
1.283855188	0.264363416
1.284499334	0.265603077
1.285104734	0.266469673
1.285710134	0.267382755
1.286315535	0.268434008
1.286920935	0.269486131
1.287565081	0.27058395
1.288170481	0.271527759
1.28885095	0.272680986
1.28953142	0.273917942
1.289986681	0.274474048
1.290478266	0.274826816
1.291083666	0.275810958
1.291689066	0.276989106
1.292294467	0.277938126
1.292861121	0.278861138
1.293466521	0.279940638
1.294110667	0.281093963
1.294716067	0.282212186
1.295357792	0.28350535
1.296077007	0.285056702
1.296646083	0.286225471
1.297251483	0.287209168
1.297893207	0.288368123
1.298498608	0.289584725
1.299067684	0.290562886
1.299634338	0.291559765
1.300239738	0.29248277
1.300731323	0.293195546
1.301297978	0.293962808
1.301942124	0.295248922
1.302661339	0.296766655
1.303380555	0.298397286
1.303872139	0.299178489
1.304438794	0.300023914
1.30508294	0.301380492
1.30568834	0.302719978
1.306254995	0.303716619
1.306860395	0.304844051
1.307465795	0.306028272
1.308034871	0.307279461
1.308715341	0.308632457
1.309434556	0.310303643
1.31007628	0.311659431
1.310492796	0.312122547
1.311023126	0.312967872
1.311667272	0.314158655
1.312272672	0.315359839
1.312878072	0.316674211
1.313444727	0.317877375
1.314050127	0.319137664
1.314655527	0.320361525
1.315260927	0.321801842
1.315941397	0.323271164
1.316624289	0.32482683
1.317266013	0.3263925
1.317757598	0.327274557
1.318287928	0.328194996
1.318968398	0.329820543
1.319612544	0.331353878
1.320179198	0.332483488
1.320670783	0.333265753
1.32123986	0.334416295
1.321881584	0.335802697
1.322564475	0.337511646
1.323206199	0.339117381
1.323850345	0.340630845
1.324380676	0.34164457
1.3250224	0.342980372
1.325666546	0.34463897
1.326271946	0.34605274
1.3268386	0.3472685
1.327482746	0.348855355
1.328049401	0.350215038
1.328693546	0.35185178
1.329337692	0.353291111
1.330018162	0.355091865
1.330698632	0.35683741
1.331228962	0.357823501
1.331606732	0.358086278
1.332212132	0.3593308
1.332892602	0.361327623
1.333536748	0.362936473
1.334103402	0.364154947
1.334672479	0.365413013
1.335277879	0.36691976
1.335919603	0.368609014
1.336602494	0.370577689
1.337282964	0.372347485
1.337774549	0.373551541
1.338418695	0.375008829
1.339135489	0.377288971
1.339779634	0.378930484
1.340309965	0.379834649
1.34080155	0.380709308
1.34133188	0.38162419
1.341898535	0.383037478
1.342503935	0.384491606
1.343148081	0.386311991
1.343828551	0.388192293
1.344547766	0.390286653
1.345114421	0.391859498
1.345530936	0.392412102
1.346175082	0.39391355
1.346816806	0.396010298
1.347422206	0.397810219
1.348027606	0.39928515
1.348596682	0.400817689
1.349202083	0.402381431
1.349882552	0.404141944
1.350601768	0.406233125
1.351093353	0.407439543
1.351584938	0.408184647
1.352229083	0.409968356
1.352909553	0.412150082
1.353553699	0.413830996
1.354159099	0.415511081
1.354725754	0.417132324
1.355292408	0.418513449
1.355861484	0.420099135
1.356466885	0.421581358
1.357072285	0.423490035
1.357752755	0.425578499
1.3583969	0.427647733
1.358963555	0.429394176
1.359493885	0.430258929
1.360213101	0.432482324
1.360779755	0.434300485
1.361310086	0.435293906
1.361876741	0.43680401
1.362482141	0.438589704
1.363087541	0.440503024
1.363731687	0.442411015
1.364450902	0.444821261
1.365017557	0.446600475
1.365622957	0.448257561
1.366303427	0.450592679
1.366947572	0.452625779
1.367477903	0.454087059
1.368044557	0.455610152
1.368611212	0.45718309
1.369216612	0.458887186
1.369822012	0.46027064
1.370466158	0.462214819
1.371110304	0.464453598
1.371715704	0.466573623
1.372321104	0.468509623
1.372773944	0.469544214
1.373340598	0.470725987
1.37402349	0.473162038
1.37462889	0.475309113
1.375195544	0.476993878
1.375762199	0.478915044
1.376406345	0.480874507
1.377011745	0.483067206
1.377692215	0.485513783
1.378297615	0.487788709
1.378903015	0.4897217
1.379585906	0.49162486
1.380341446	0.494597789
1.380871776	0.496449992
1.381363361	0.497522063
1.381893692	0.498943401
1.382460346	0.500575765
1.383065746	0.502607558
1.383632401	0.504705646
1.384315292	0.507045041
1.384957017	0.509637698
1.385639908	0.512099719
1.386245308	0.514475914
1.386698147	0.515206957
1.387264802	0.517077481
1.387908948	0.519640664
1.388514348	0.521687053
1.389194818	0.523901857
1.389800218	0.526100062
1.390405618	0.528072209
1.390935949	0.52973987
1.391541349	0.531685103
1.392260564	0.534587772
1.39290471	0.537335216
1.39351011	0.539603462
1.39419058	0.542210492
1.39479598	0.544373238
1.395362635	0.546264079
1.395931711	0.548206939
1.396573435	0.550567762
1.397178835	0.553025616
1.397784235	0.555525216
1.398428381	0.557992433
1.399070105	0.560530471
1.399714251	0.562822338
1.400205836	0.564316503
1.400736167	0.565378272
1.401380312	0.567814222
1.401908221	0.569605783
1.402399806	0.570874309
1.402930137	0.572609047
1.403535537	0.574915482
1.404140937	0.577353707
1.404746337	0.579823837
1.405426807	0.582517182
1.406070953	0.585548264
1.406637607	0.587838115
1.407243008	0.589855196
1.407962223	0.593094958
1.408606369	0.596065153
1.409211769	0.598288629
1.409817169	0.600463588
1.410461315	0.602787348
1.411027969	0.605099851
1.411594624	0.606991741
1.4121637	0.60927827
1.41284417	0.612107758
1.41352464	0.615292067
1.413979901	0.616859918
1.414585301	0.618877165
1.415265771	0.622259453
1.415909916	0.62520509
1.416476571	0.627473093
1.417043226	0.62987392
1.417687371	0.632624054
1.418331517	0.635618879
1.418973241	0.638433152
1.419653711	0.641752568
1.420297857	0.644471637
1.420789442	0.645919179
1.421358518	0.648010289
1.421925173	0.650294187
1.422455503	0.652319878
1.423022158	0.654525771
1.423666303	0.657458494
1.424271704	0.660406072
1.424913428	0.663372828
1.425518828	0.666152403
1.426201719	0.669254878
1.426918513	0.673087427
1.427487589	0.67629424
1.427979174	0.677574738
1.42869839	0.680907754
1.429340114	0.684216868
1.429870444	0.68621226
1.430439521	0.688217398
1.431044921	0.690618565
1.431611575	0.693145516
1.432141906	0.695207783
1.43270856	0.697615612
1.433313961	0.700544288
1.433958106	0.703769961
1.434486015	0.706082718
1.435130161	0.70892457
1.435810631	0.712655964
1.436416031	0.715207267
1.436985107	0.717701385
1.437590507	0.72070694
1.438195907	0.723581605
1.438837632	0.726364044
1.439443032	0.729099519
1.440125923	0.732091826
1.440842717	0.735812052
1.441297978	0.737861585
1.441828309	0.739283271
1.442433709	0.742223789
1.443039109	0.745217905
1.443605763	0.74781375
1.444172418	0.750236537
1.444741494	0.752919514
1.445346894	0.755839548
1.445988618	0.7590795
1.44667151	0.762807406
1.44735198	0.766846476
1.44795738	0.770312757
1.448524034	0.772698296
1.449206926	0.776128237
1.44984865	0.779538933
1.45045405	0.782695125
1.45105945	0.785192221
1.451589781	0.787557343
1.452120111	0.789696441
1.452686766	0.792405076
1.453330912	0.795955044
1.454050127	0.80035694
1.454766921	0.804802908
1.455222182	0.807034468
1.455788836	0.809194399
1.456432982	0.812778622
1.457077128	0.816396832
1.457643783	0.819496752
1.458249183	0.822516827
1.458815837	0.825537983
1.459459983	0.828854716
1.460140453	0.832881155
1.460898414	0.837371597
1.461465068	0.840444478
1.461881584	0.841735653
1.462448238	0.843988961
1.463053638	0.847474976
1.463697784	0.85101739
1.464303184	0.85460256
1.464908585	0.858127799
1.465513985	0.861415581
1.466119385	0.864977292
1.466763531	0.868888456
1.467444	0.872740711
1.468085725	0.877001749
1.46872987	0.880619041
1.469146386	0.882093076
1.46971304	0.884338504
1.470357186	0.888307767
1.471037656	0.892427933
1.471606732	0.895204911
1.472173387	0.897929864
1.472740041	0.9010133
1.473309117	0.904089834
1.473950842	0.907622626
1.474633733	0.911782271
1.475275457	0.915982867
1.475844533	0.918522658
1.476486257	0.92191922
1.477091658	0.925548129
1.477621988	0.928227393
1.478188643	0.930857519
1.478757719	0.933985948
1.479363119	0.937181666
1.480004843	0.940961465
1.480610243	0.944404639
1.481293135	0.948226971
1.481973605	0.952156425
1.482503935	0.954872989
1.482918029	0.956100865
1.483523429	0.959111687
1.48420632	0.963580877
1.484811721	0.967305258
1.485378375	0.970298186
1.485983775	0.973540759
1.486589175	0.977071537
1.487269645	0.981194619
1.487952537	0.985746591
1.488594261	0.990274941
1.489124591	0.993088425
1.489768737	0.996414804
1.490449207	1.001137496
1.491090931	1.004967076
1.491660007	1.007645507
1.492151592	1.009986267
1.492681923	1.01259916
1.493287323	1.016275117
1.493892723	1.0198686
1.494534447	1.023925979
1.495217339	1.028451412
1.495934132	1.0333023
1.496464463	1.036898202
1.496956048	1.03835835
1.497525124	1.041334318
1.498166848	1.045632716
1.498735924	1.049307081
1.499341325	1.052806541
1.499946725	1.056682407
1.500588449	1.060693613
1.501232595	1.064591961
1.50195181	1.069135048
1.502443395	1.071721538
1.502896234	1.073275574
1.50354038	1.077055399
1.504259596	1.082531284
1.50490132	1.086905451
1.505470396	1.090436806
1.506075796	1.094071996
1.506642451	1.097745914
1.507247851	1.101515013
1.507853251	1.105394184
1.508497397	1.10977736
1.509177867	1.115007635
1.509822012	1.119537733
1.510313597	1.122397945
1.510843928	1.124212529
1.511485652	1.128285768
1.512129798	1.132460807
1.512621383	1.135371572
1.513188037	1.13840513
1.513793437	1.142515722
1.514437583	1.146831161
1.515081729	1.151376474
1.515723453	1.156225675
1.516253784	1.159826915
1.516859184	1.163347521
1.517614723	1.169277596
1.518258869	1.174737479
1.518825524	1.178421309
1.5193946	1.181882181
1.519961254	1.18541921
1.520530331	1.189263683
1.521135731	1.193052518
1.521777455	1.197273603
1.522382855	1.201089641
1.522951931	1.163247491
1.523593655	1.16664596
1.52408524	1.170289857
1.524654317	1.174038968
1.525334786	1.179908198
1.525978932	1.18566702
1.526584332	1.190649794
1.527150987	1.195442653
1.527831457	1.201187845
1.528436857	1.206595358
1.529156072	1.213011882
1.529836542	1.219740813
1.530328127	1.22327192
1.530972273	1.227668811
1.531652742	1.233494581
1.532221819	1.237947172
1.532713404	1.240855224
1.533204988	1.244190782
1.533771643	1.248397693
1.534377043	1.25334937
1.534982443	1.258566958
1.535665335	1.264147371
1.536345805	1.270561896
1.53706502	1.276959057
1.53767042	1.282631438
1.538123259	1.285003053
1.53872866	1.289640638
1.53933406	1.295005101
1.53993946	1.299660442
1.54054486	1.30414348
1.54122533	1.309472786
1.541869476	1.314951029
1.54243613	1.319389292
1.543005206	1.32322808
1.543610607	1.328298968
1.544177261	1.332867034
1.544782661	1.337020525
1.545463131	1.342948202
1.546107277	1.348661682
1.546637607	1.352880759
1.547243008	1.357036015
1.547848408	1.36199891
1.548415062	1.366655349
1.548984139	1.370997025
1.549625863	1.375847496
1.550306332	1.381630438
1.551064293	1.388050672
1.551555878	1.392247959
1.552086209	1.39473582
1.552691609	1.399250086
1.55322194	1.403069017
1.553749849	1.406755237
1.554318925	1.410912754
1.554960649	1.41619121
1.555566049	1.421562226
1.556210195	1.426883848
1.556890665	1.433052306
1.557571135	1.439214517
1.558101465	1.443777404
1.558745611	1.448693077
1.559426081	1.455301141
1.559992735	1.460152205
1.560561811	1.46396385
1.561167212	1.468134506
1.561733866	1.472549519
1.562339266	1.477326687
1.562908342	1.481504941
1.563513743	1.486087859
1.564155467	1.491588625
1.564835937	1.497475988
1.565329943	1.501170844
1.565935343	1.505588233
1.566615813	1.511777018
1.567182468	1.517983163
1.567751544	1.521504645
1.568318198	1.526411067
1.568962344	1.532066776
1.569604068	1.538316762
1.570284538	1.543759439
1.571042499	1.551654925
1.571686645	1.557059962
1.57217823	1.559932138
1.572744884	1.56403421
1.573275215	1.568057806
1.573805545	1.571893196
1.574333454	1.575986297
1.5749776	1.58121924
1.575583	1.587022924
1.576227146	1.592488045
1.576832546	1.598322158
1.577513016	1.604450106
1.578232232	1.611813841
1.578837632	1.618403427
1.579329217	1.620662159
1.579934617	1.625705914
1.580576341	1.632096439
1.581184163	1.636936101
1.581787141	1.641492315
1.582356217	1.645914826
1.582922872	1.650484137
1.583453203	1.654319079
1.584058603	1.659272802
1.584702749	1.665602405
1.585383218	1.672415301
1.585949873	1.677294267
1.586630343	1.683268847
1.587274488	1.690045884
1.587841143	1.695037322
1.588446543	1.700243069
1.589051943	1.705905017
1.589659765	1.7114262
1.590262744	1.716764649
1.590906889	1.722581809
1.591626105	1.729096812
1.59234532	1.736308836
1.592761836	1.738895788
1.593253421	1.741895007
1.593820075	1.746306131
1.594425475	1.751614228
1.594994551	1.756692713
1.595599952	1.761644011
1.596166606	1.766851269
1.596772006	1.772116153
1.597377406	1.777236614
1.598021552	1.782733743
1.598702022	1.787614917
1.599268677	1.754314992
1.599837753	1.76207249
1.600479477	1.769607614
1.601159947	1.77727105
1.601804093	1.784409298
1.602409493	1.790390892
1.602976147	1.796036227
1.603506478	1.80047934
1.604075554	1.806042562
1.604717278	1.812605674
1.605397748	1.820315082
1.606116963	1.828509182
1.606572224	1.833009623
1.607102555	1.837083055
1.607744279	1.843771279
1.608349679	1.850353733
1.608918755	1.855878787
1.60948541	1.860819839
1.610052064	1.866555182
1.61069621	1.872728351
1.611340356	1.879341983
1.612095895	1.887158482
1.612740041	1.893541099
1.61319288	1.897175109
1.613723211	1.900821685
1.614328611	1.906685978
1.614934011	1.912358592
1.615539412	1.91836862
1.616144812	1.924313549
1.616711466	1.929790073
1.617316866	1.935408482
1.617922267	1.941652841
1.618641482	1.949075909
1.619321952	1.956953945
1.620041167	1.965023374
1.620496428	1.969257515
1.621063083	1.973687076
1.621782298	1.98047699
1.622426444	1.987757997
1.622993098	1.992440412
1.623523429	1.996849657
1.62405376	2.001504274
1.62465916	2.007284093
1.625300884	2.013922998
1.625981354	2.021182147
1.626586754	2.028086588
1.627194576	2.033074726
1.6278363	2.040091113
1.628480446	2.047359022
1.629010776	2.052156346
1.629538685	2.056454222
1.630107761	2.062025606
1.630674416	2.067306943
1.631318562	2.073689161
1.631960286	2.079944825
1.632604432	2.08630089
1.633284901	2.093719951
1.633890301	2.099604886
1.634268071	2.102150649
1.634873471	2.10728442
1.635556363	2.114758187
1.636161763	2.121099773
1.636728417	2.126672334
1.637333818	2.132485295
1.637939218	2.138908623
1.638619688	2.14577287
1.639263833	2.152968006
1.639905558	2.160293427
1.640435888	2.165467069
1.641041288	2.170649398
1.641721758	2.177910625
1.642327158	2.184012764
1.642896234	2.188712996
1.643462889	2.193482961
1.644031965	2.19890297
1.64459862	2.204756369
1.64520402	2.211145784
1.645848166	2.217861131
1.646564959	2.225711258
1.647247851	2.234248833
1.647814505	2.240862287
1.64830609	2.24384361
1.648950236	2.25011134
1.649630706	2.25823066
1.65019736	2.264671635
1.650766437	2.270190973
1.651408161	2.276837013
1.652052307	2.283349678
1.652657707	2.289342197
1.653301853	2.296346125
1.653793437	2.300550912
1.654285022	2.303779823
1.654929168	2.310334803
1.655609638	2.318690268
1.656215038	2.325247651
1.656820438	2.331313572
1.657425838	2.337099982
1.657956169	2.342453269
1.658561569	2.348364677
1.659166969	2.35474066
1.659847439	2.362137785
1.660566655	2.370730915
1.661247124	2.378825479
1.661699964	2.38364005
1.66226904	2.387274201
1.66294951	2.394457972
1.66347984	2.400422976
1.664010171	2.40461349
1.664576825	2.410328906
1.665182225	2.416637593
1.665787626	2.423234981
1.666431771	2.430771351
1.667112241	2.439007155
1.667678896	2.445371406
1.668323042	2.451782008
1.669078581	2.461071398
1.669683981	2.468445454
1.670214312	2.473083869
1.670744642	2.477855631
1.671350042	2.483812827
1.671955443	2.490702562
1.672597167	2.497090956
1.673202567	2.503441089
1.673807967	2.509592491
1.674377043	2.515287632
1.674982443	2.521923571
1.675474028	2.526577974
1.676040683	2.53162262
1.676723574	2.539258367
1.677328974	2.546745994
1.677895629	2.552661614
1.678462284	2.558233954
1.679067684	2.564801462
1.679673084	2.571002169
1.680355975	2.578666003
1.681036445	2.587121729
1.681641845	2.593611061
1.682283569	2.59963332
1.683002785	2.608080963
1.683608185	2.614451336
1.684063446	2.617893135
1.684555031	2.621656903
1.685121685	2.626883654
1.685727086	2.633566607
1.686409977	2.641456052
1.687051701	2.649286374
1.687770917	2.657544424
1.688451386	2.665699272
1.689020463	2.673130108
1.689473302	2.675062169
1.690078702	2.682208128
1.690759172	2.689718785
1.691328248	2.696418514
1.691894903	2.702045766
1.692500303	2.707894883
1.693105703	2.713892204
1.693749849	2.720329322
1.694316503	2.726778592
1.694885579	2.732511155
1.695452234	2.738110206
1.696057634	2.743183134
1.69670178	2.749518149
1.697343504	2.75613131
1.69791258	2.760925296
1.69851798	2.766216546
1.699123381	2.772261198
1.699690035	2.777665027
1.700334181	2.78233882
1.700975905	2.787920039
1.70169512	2.794262156
1.70237559	2.799077737
1.702905921	2.801065591
1.703436251	2.802374701
1.704080397	2.807524724
1.704647052	2.813035644
1.705138637	2.815219248
1.705705291	2.818499567
1.706310691	2.821444461
1.706916092	2.825642971
1.707560237	2.830248505
1.708240707	2.834758818
1.708921177	2.838115493
1.709451507	2.835952322
1.710095653	2.835474052
1.710814869	2.842174375
1.711420269	2.845032964
1.711986923	2.84808448
1.712592324	2.852799846
1.713158978	2.856599061
1.713764378	2.861990637
1.714333454	2.867141399
1.714938855	2.872160352
1.715580579	2.879357002
1.71626347	2.887495392
1.716679985	2.891069539
1.717285386	2.896345659
1.717965855	2.904260027
1.71853251	2.911999141
1.719062841	2.916117984
1.719668241	2.923612142
1.720273641	2.930032609
1.720917787	2.937834524
1.721559511	2.945931601
1.722317472	2.954883444
1.722959196	2.962918044
1.723450781	2.967163697
1.724056181	2.972835435
1.724664003	2.981057405
1.725191912	2.984538042
1.725760988	2.992553477
1.726366388	2.998583223
1.726971788	3.006719846
1.727613513	3.0146172
1.728218913	3.021015868
1.728824313	3.029905643
1.729543528	3.038237123
1.730148928	3.047470841
1.730604189	3.050602416
1.731245914	3.057640126
1.731926383	3.066650487
1.732531784	3.073238466
1.733139605	3.07966178
1.733742584	3.086141967
1.73431166	3.092577815
1.734841991	3.09834254
1.735408645	3.104138103
1.736052791	3.111868563
1.736658191	3.119843543
1.737224846	3.126219251
1.737868991	3.133963576
1.738549461	3.143462505
1.739154861	3.151147152
1.739760262	3.158588555
1.740326916	3.165765559
1.740895992	3.171934207
1.741501392	3.178681065
1.742143117	3.186788754
1.742901078	3.196418104
1.743620293	3.205735002
1.744034387	3.209750904
1.744564717	3.213883086
1.745133793	3.220748624
1.745775518	3.22858538
1.746305848	3.235598685
1.746911248	3.242406613
1.747516649	3.24981593
1.748160794	3.258248103
1.748802518	3.266768276
1.749482988	3.276076631
1.75016588	3.285994136
1.750693789	3.292808538
1.751262865	3.298519034
1.75198208	3.307760176
1.752623804	3.316574027
1.753229205	3.323576298
1.753759535	3.329178434
1.754289866	3.334845825
1.754820196	3.340166067
1.755348105	3.346021912
1.755992251	3.353803543
1.756672721	3.36311089
1.757391936	3.373575271
1.757883521	3.380253405
1.758452597	3.385706289
1.759094321	3.394334137
1.759699722	3.402784333
1.760268798	3.409802545
1.760835452	3.416556508
1.761440852	3.424066899
1.762084998	3.431983417
1.762726722	3.439912637
1.763407192	3.449216158
1.764126408	3.458702318
1.764617992	3.464567872
1.765148323	3.469971723
1.765717399	3.476976211
1.766284054	3.4836023
1.7669282	3.49161834
1.7675336	3.499549995
1.768100254	3.507094568
1.768705654	3.514581677
1.7693498	3.52308279
1.77003027	3.532304604
1.770674416	3.541737274
1.771354886	3.550882813
1.771846471	3.556663895
1.772413125	3.562194557
1.773018525	3.569914948
1.773662671	3.577642138
1.774229326	3.584484459
1.774834726	3.591611085
1.775365056	3.597742349
1.775931711	3.604835793
1.776614602	3.614016856
1.777331396	3.624868082
1.777936796	3.634004816
1.778542196	3.640233336
1.779186342	3.648939748
1.779752997	3.657289438
1.780322073	3.66381002
1.780888727	3.670899836
1.781532873	3.679206606
1.782138273	3.686562408
1.782779998	3.694949972
1.783424143	3.703042786
1.784068289	3.711763132
1.784710013	3.720699861
1.785279089	3.727099724
1.785656859	3.729694413
1.786262259	3.736569661
1.786942729	3.747080627
1.787548129	3.755225358
1.788117205	3.76236857
1.788722606	3.769872404
1.78936433	3.778820841
1.790008476	3.788289829
1.790727691	3.798893216
1.791369415	3.808509768
1.791861	3.814315369
1.792505146	3.821840374
1.793224361	3.832148455
1.793791016	3.839555966
1.794321346	3.844652983
1.794851677	3.850378756
1.795382008	3.856107242
1.795948662	3.862274719
1.796515317	3.869481781
1.797159462	3.878408636
1.797839932	3.887906037
1.798520402	3.898498375
1.799164548	3.908467662
1.799656133	3.912932392
1.800261533	3.920313737
1.800905679	3.929553805
1.801472333	3.937706216
1.802077733	3.945344552
1.802721879	3.953726935
1.803363603	3.962340183
1.804046495	3.970997779
1.804651895	3.979489914
1.805179804	3.985488455
1.805635065	3.989168624
1.806279211	3.997641948
1.806996004	4.008495089
1.807565081	4.016516607
1.808170481	4.024198229
1.808737135	4.031102052
1.809306211	4.038349876
1.809872866	4.045802303
1.810478266	4.053990114
1.811122412	4.062953092
1.811802882	4.072699912
1.812522097	4.083250218
1.813050006	4.090792978
1.813580337	4.095360998
1.814260806	4.103578395
1.814829883	4.111638922
1.815360213	4.117029762
1.815926868	4.123540239
1.816493522	4.131283097
1.817137668	4.139620666
1.817781814	4.148416262
1.818423538	4.158273568
1.818992614	4.165962168
1.819559269	4.172832733
1.820239738	4.182470339
1.820920208	4.192477134
1.821489284	4.20068938
1.822094685	4.208003517
1.822661339	4.215387766
1.823266739	4.222891503
1.823910885	4.230735991
1.824591355	4.239864963
1.825196755	4.248473811
1.825802155	4.256255153
1.826407555	4.264287888
1.826862816	4.268864062
1.827429471	4.274496473
1.828034871	4.283047686
1.828640271	4.291525477
1.829245671	4.29955193
1.829889817	4.308130138
1.830495217	4.317026123
1.831136942	4.325947653
1.831817411	4.335605382
1.832500303	4.345692502
1.832991888	4.351793301
1.833633612	4.358710711
1.834316503	4.368238368
1.834883158	4.375403547
1.835374743	4.37997464
1.835905073	4.385306985
1.836471728	4.392272013
1.837077128	4.400066035
1.837682528	4.408139109
1.83836542	4.417332375
1.839045889	4.42731135
1.839726359	4.437348915
1.840331759	4.446359271
1.840748275	4.449987773
1.841353675	4.457602343
1.842034145	4.467633345
1.842639545	4.475703215
1.843283691	4.484226156
1.843925415	4.491920648
1.844530815	4.499084116
1.845099891	4.506688281
1.845666546	4.511634884
1.846235622	4.51946944
1.846802276	4.524631771
1.847407676	4.527549246
1.848088146	4.527084482
1.848732292	4.534917061
1.849298947	4.542392418
1.849904347	4.549821865
1.850509747	4.558428257
1.851115147	4.567052491
1.851720547	4.575694579
1.852364693	4.584819848
1.853120232	4.596127177
1.853803124	4.605149032
1.854294709	4.607109821
1.854786294	4.610880891
1.855391694	4.61878202
1.855922024	4.625455891
1.856449933	4.631862325
1.85701901	4.639379714
1.857660734	4.648141081
1.858266134	4.657544327
1.858949025	4.668193265
1.859704565	4.680051486
1.860385035	4.691463466
1.860876619	4.697845775
1.86148202	4.705592389
1.862164911	4.71612556
1.862770311	4.724916246
1.86329822	4.731470981
1.863867296	4.738133323
1.864472696	4.745063929
1.865078097	4.75251612
1.865608427	4.759607877
1.866175082	4.766556426
1.866855552	4.776538503
1.867613513	4.789398948
1.868105097	4.79658064
1.868746822	4.805482453
1.869429713	4.816678956
1.869996368	4.824638737
1.870526698	4.831496069
1.871132098	4.839616817
1.871737498	4.848288404
1.872379223	4.857752295
1.873023368	4.867214486
1.873781329	4.878993537
1.87438673	4.887658989
1.874839569	4.891737565
1.875406224	4.898278631
1.876011624	4.90644733
1.876541954	4.912766322
1.877072285	4.919288646
1.877677685	4.92720109
1.878321831	4.936396724
1.878963555	4.945898942
1.879568955	4.955002824
1.880174355	4.963723185
1.880854825	4.973959466
1.881460225	4.984324613
1.881954232	4.988448242
1.882595956	4.997081664
1.883240102	5.007228564
1.883845502	5.015399546
1.884487226	5.023282329
1.885095048	5.030984848
1.885661702	5.038312674
1.886228357	5.045254385
1.886797433	5.052783712
1.887439157	5.061681022
1.888044557	5.070768066
1.888574888	5.077384675
1.889219034	5.085804131
1.889860758	5.095931127
1.890429834	5.10364593
1.891035234	5.111920585
1.891640634	5.120576747
1.892246035	5.129426088
1.892851435	5.138158706
1.893493159	5.146846245
1.894173629	5.15696611
1.89493159	5.168949837
1.895423175	5.17477287
1.895953505	5.179448222
1.896558905	5.187532073
1.897164306	5.195538954
1.897694636	5.201654492
1.898261291	5.208007497
1.898827945	5.21457976
1.899472091	5.222842706
1.900077491	5.230922187
1.900757961	5.239713593
1.901438431	5.249931983
1.902043831	5.257076684
1.902612907	5.262565945
1.903293377	5.270900928
1.903898777	5.27729661
1.904465432	5.282394107
1.905070832	5.287574105
1.905639908	5.29228897
1.906170239	5.29539101
1.906698147	5.299302064
1.907342293	5.305235829
1.908022763	5.31316252
1.908741978	5.322479477
1.909272309	5.327086047
1.909838964	5.329537668
1.910483109	5.333975069
1.911124834	5.338611668
1.91169391	5.340337509
1.912260564	5.339291761
1.91282964	5.335417364
1.913435041	5.333439904
1.914076765	5.332406558
1.91479598	5.333523724
1.91547645	5.335869346
1.915968035	5.330019667
1.916537111	5.32488664
1.917142511	5.324138087
1.917709166	5.324892214
1.918314566	5.326778176
1.918883642	5.329643122
1.919489042	5.333826527
1.920094442	5.338613254
1.920736167	5.344487996
1.921455382	5.353072057
1.922174597	5.363878962
1.922818743	5.372346141
1.923232837	5.373023673
1.923726843	5.376048029
1.924368568	5.383104675
1.925012713	5.391268495
1.925618114	5.397901535
1.926148444	5.403449027
1.926753844	5.410005466
1.927359244	5.417649453
1.928000969	5.426195865
1.928645114	5.435193171
1.929250515	5.443921046
1.929817169	5.449684839
1.930422569	5.457389271
1.931066715	5.466513765
1.93163337	5.473483567
1.932202446	5.479541315
1.932807846	5.487425597
1.933413246	5.495327514
1.93405497	5.504851963
1.934660371	5.512734656
1.93534084	5.52226895
1.936060056	5.53314658
1.936665456	5.54196692
1.937081971	5.543724499
1.937651047	5.550169709
1.938292772	5.559656177
1.938861848	5.566964258
1.939428502	5.573550396
1.939995157	5.580484877
1.940639303	5.588779009
1.941283448	5.598418631
1.942000242	5.609213797
1.942683134	5.620124885
1.943174718	5.626335809
1.943816443	5.634036463
1.944535658	5.645552989
1.945141058	5.654445668
1.945671389	5.660075485
1.946162974	5.664638279
1.946693304	5.670397001
1.947298704	5.677611258
1.947904105	5.68559198
1.94854825	5.695577282
1.94922872	5.70595194
1.949947936	5.71745991
1.950553336	5.727042858
1.951006175	5.730442978
1.951650321	5.738590297
1.952330791	5.74942121
1.952897445	5.757349301
1.953427776	5.763365073
1.953958106	5.769828614
1.954563506	5.777644319
1.955243976	5.7860062
1.955888122	5.79596447
1.956454777	5.803593907
1.956946362	5.807937407
1.957629253	5.816601174
1.958309723	5.827563823
1.958876377	5.835723925
1.959445453	5.84255519
1.960012108	5.849396171
1.960617508	5.857179778
1.961222908	5.866224284
1.961867054	5.87534737
1.962508778	5.885041025
1.963227994	5.895769489
1.963872139	5.906558221
1.964400048	5.91319693
1.964930379	5.917550408
1.965610849	5.926599807
1.966179925	5.93463158
1.96667151	5.939099014
1.96720184	5.94508616
1.967807241	5.953531227
1.968448965	5.962651202
1.969093111	5.971741127
1.96977358	5.981956165
1.970303911	5.990218659
1.970909311	5.997211157
1.971628526	6.008302945
1.972347742	6.020412698
1.972914396	6.02892959
1.973444727	6.0342891
1.974011382	6.034461119
1.974580458	6.039238605
1.975185858	6.045113783
1.975827582	6.051961125
1.976432982	6.058306124
1.977002058	6.063556754
1.977643783	6.070976204
1.978135367	6.075429963
1.978704444	6.080137391
1.979384913	6.089770933
1.980029059	6.098973401
1.980634459	6.10602964
1.98123986	6.112679818
1.98184526	6.120292797
1.982486984	6.128586383
1.983167454	6.13800685
1.983850345	6.148612642
1.984378254	6.15396602
1.985061145	6.160749596
1.985741615	6.170202001
1.98630827	6.176504131
1.986763531	6.179037702
1.987293861	6.182753664
1.98782177	6.188034777
1.98842717	6.195400347
1.989071316	6.203400105
1.989751786	6.212735945
1.990432256	6.222431145
1.991115147	6.232351829
1.991720547	6.241481735
1.992173387	6.243312296
1.992742463	6.248857003
1.993384187	6.258096127
1.993989587	6.265606667
1.994558663	6.272153988
1.995200387	6.279998473
1.995805788	6.286467108
1.996411188	6.292654119
1.996980264	6.298601143
1.997585664	6.30660018
1.998191064	6.314204404
1.998796464	6.320829754
1.999476934	6.330344435
2.000082334	6.339156072
2.000648989	6.345383735
2.001218065	6.351365025
2.001823465	6.35900393
2.002428865	6.366375306
2.003034266	6.37439198
2.00367599	6.383455681
2.00435646	6.393289883
2.005075675	6.403781433
2.005606006	6.409775006
2.006136336	6.412984524
2.006741736	6.420522722
2.007272067	6.425893819
2.007763652	6.43054213
2.008369052	6.436958521
2.009010776	6.44571206
2.009654922	6.455365117
2.010335392	6.465483505
2.010979537	6.474860069
2.011660007	6.485289733
2.012190338	6.491514014
2.012832062	6.499462263
2.013551277	6.511823793
2.014156678	6.520050853
2.014687008	6.525555931
2.015292408	6.531650792
2.015859063	6.537435825
2.016428139	6.544250651
2.016994794	6.55009788
2.01756387	6.555696565
2.018205594	6.564264775
2.018886064	6.574243044
2.01938007	6.579864624
2.020021794	6.587077635
2.02074101	6.598965404
2.02134641	6.608011432
2.021913065	6.614241866
2.022482141	6.620612328
2.023048795	6.627611404
2.023692941	6.635818743
2.024298341	6.643052123
2.024940065	6.652254056
2.025622957	6.661379456
2.026150866	6.666304859
2.026756266	6.672699604
2.027325342	6.678529676
2.027816927	6.68308107
2.028383582	6.688387057
2.028988982	6.695556987
2.029594382	6.703322697
2.030199782	6.710527899
2.030805182	6.717533701
2.031449328	6.725423142
2.032129798	6.734507671
2.032810268	6.745088097
2.033304274	6.747509313
2.033984744	6.755794129
2.034703959	6.76696533
2.035270614	6.773430749
2.035837268	6.778448678
2.036442669	6.783829491
2.037011745	6.788539909
2.037542075	6.792658321
2.038147475	6.7977977
2.0387892	6.805804692
2.039433345	6.813489368
2.039963676	6.818094447
2.040644146	6.825194258
2.04128587	6.834217637
2.04189127	6.839415004
2.042460346	6.844434335
2.043065746	6.849737252
2.043632401	6.854519136
2.044201477	6.859106903
2.044843201	6.864828459
2.045523671	6.87154199
2.046281632	6.880734323
2.046734471	6.882665205
2.047228478	6.882430827
2.047870202	6.886951144
2.048514348	6.892210624
